mode,epoch,step,train/loss
train,1,1,1.4095205732238512
train,1,2,1.501493153451015
train,1,3,1.0997150720357152
train,1,4,1.1961392158289117
train,1,5,1.3071178137708552
train,1,6,1.277600944364931
train,1,7,1.253387170405974
train,1,8,1.1332151397285357
train,1,9,1.395523588161622
train,1,10,1.1524167370833518
train,1,11,1.0590142105291611
train,1,12,0.9109646519964271
train,1,13,0.8984091321827373
train,1,14,1.106744998772954
train,1,15,1.2837557121940066
train,1,16,1.1474571179868778
train,1,17,1.0217673418494173
train,1,18,1.0652548472637902
train,1,19,0.8338762614864748
train,1,20,0.9957052242410057
train,1,21,1.1230041927297445
train,1,22,1.0889199532472758
train,1,23,0.9669523351374121
train,1,24,0.7078982419003125
train,1,25,0.642301959350091
train,1,26,0.7043790090731088
train,1,27,1.1441148921363575
train,1,28,0.7487338055101109
train,1,29,0.9650054165155443
train,1,30,0.7901748056375455
train,1,31,0.7862161607599241
train,1,32,0.8584272162308575
train,1,33,0.6543138166144884
train,1,34,0.8923567870044766
train,1,35,0.7190112211005605
train,1,36,0.9936728857828437
train,1,37,0.936127680634036
train,1,38,0.8802669554154632
train,1,39,1.0159915037593035
train,1,40,1.1128350025519242
train,1,41,1.0534329631474884
train,1,42,0.6983030096954771
train,1,43,1.1112990101745697
train,1,44,0.9221441142133732
train,1,45,0.8495139490345327
train,1,46,0.8273365223732456
train,1,47,0.7007503608957737
train,1,48,0.9566608839382656
train,1,49,0.7320501748554018
train,1,50,0.681943582623519
train,1,51,0.8589382237205165
train,1,52,0.595631309874162
train,1,53,0.6448175361311027
train,1,54,0.5910676829627874
train,1,55,0.5878187884869299
train,1,56,0.876857712524812
train,1,57,1.1555254605949181
train,1,58,0.7424097259289804
train,1,59,0.623201915850059
train,1,60,0.6993253217621189
train,1,61,0.7312894031548831
train,1,62,0.8195118695614696
train,1,63,0.7681199694782885
train,1,64,0.7120544906344708
train,1,65,0.7330268485967046
train,1,66,0.5134661214045709
train,1,67,0.6008211559593339
train,1,68,0.7710261693748274
train,1,69,0.6879804603749288
train,1,70,0.9258900954558967
train,1,71,0.5332411097016856
train,1,72,0.5583735794464006
train,1,73,0.8731032040512614
train,1,74,0.8576022467061758
train,1,75,0.8048279348398717
train,1,76,0.8328364976837819
train,1,77,0.7041348576429238
train,1,78,0.6626758040755222
train,1,79,0.8485809894192897
train,1,80,0.7579313075998788
train,1,81,0.7414602427858648
train,1,82,0.6524126600499487
train,1,83,0.7329874638659661
train,1,84,0.767738979121324
train,1,85,0.7575690634706569
train,1,86,0.9686530390745958
train,1,87,0.6918531795765719
train,1,88,0.6073967349383336
train,1,89,0.8230923623828879
train,1,90,0.5037006442834789
train,1,91,0.5675413737191219
train,1,92,0.66472428048946
train,1,93,0.5573468265543653
train,1,94,0.5765951979846596
train,1,95,0.8451429569984262
train,1,96,0.7502886636690843
train,1,97,0.8993516004174376
train,1,98,0.5938454555563152
train,1,99,0.43150650675854035
train,1,100,0.49983454583996495
train,1,101,0.6674624298263386
train,1,102,0.6216741767707845
train,1,103,0.91347688848347
train,1,104,0.6298989153881822
train,1,105,0.9040712098987927
train,1,106,0.7193738644954384
train,1,107,0.689030800594757
train,1,108,0.7045186813352491
train,1,109,0.7855679636761539
train,1,110,0.7033532506113449
train,1,111,0.7263692020460406
train,1,112,0.5730738475795979
train,1,113,0.6208787329235923
train,1,114,0.6491655229541844
train,1,115,0.6019665121741202
train,1,116,0.7593883027012538
train,1,117,0.7168289371548969
train,1,118,0.6403554326328608
train,1,119,0.6216825617366564
train,1,120,0.7361629261602123
train,1,121,0.6885927700361401
train,1,122,0.49345296193590266
train,1,123,0.669612709678667
train,1,124,0.6597469461304816
train,1,125,0.3415798843492125
train,1,126,0.6847881482751971
train,1,127,0.6344540068472087
train,1,128,0.7237176418443363
train,1,129,0.5852617117116617
train,1,130,0.6728610811561154
train,1,131,0.658465681311651
train,1,132,0.5312101083429732
train,1,133,0.48570774733316296
train,1,134,0.57903600280251
train,1,135,0.619588100652213
train,1,136,0.5566310292773955
train,1,137,0.6167163693371023
train,1,138,0.46642479307454526
train,1,139,0.6511920140971379
train,1,140,0.7851412082065271
train,1,141,1.0440076007374368
train,1,142,0.6185121330919929
train,1,143,0.6876502485105609
train,1,144,0.4902256504825225
train,1,145,0.5744398097857232
train,1,146,0.6920485682062678
train,1,147,0.7018986140544605
train,1,148,0.964014306450927
train,1,149,0.6370000674879586
train,1,150,0.7138185679071604
train,1,151,0.7740830619636729
train,1,152,0.7124126647972713
train,1,153,0.6530531414017839
train,1,154,0.5988774945805455
train,1,155,0.9757927699535839
train,1,156,0.6128525682544553
train,1,157,0.649671336979921
train,1,158,0.6406080589400706
train,1,159,0.6818190629765709
train,1,160,0.5049226561578524
train,1,161,0.5400556709921889
train,1,162,0.4648048253376291
train,1,163,0.5886130019195923
train,1,164,0.7739984445170571
train,1,165,0.4080628139973125
train,1,166,0.7306567957532641
train,1,167,0.5296195178814052
train,1,168,0.6261366427427848
train,1,169,0.6364948211247841
train,1,170,0.47079434077483256
train,1,171,0.49481017653709125
train,1,172,0.6269965201038004
train,1,173,0.9059199880662361
train,1,174,0.5539008068208547
train,1,175,0.5784184165637255
train,1,176,0.5749472363517858
train,1,177,0.7702767094354656
train,1,178,0.5946901892775454
train,1,179,0.5005278225849922
train,1,180,0.8308868918409711
train,1,181,0.4785878269560012
train,1,182,0.549634723312114
train,1,183,0.40943715668251923
train,1,184,0.6652677393876811
train,1,185,0.5244026740920652
train,1,186,0.47720346539379754
train,1,187,0.6022891007799445
train,1,188,0.5234808396207065
train,1,189,0.385040291842512
train,1,190,0.5754267126620465
train,1,191,0.6065579943943769
train,1,192,0.443196101880899
train,1,193,0.7691935740737179
train,1,194,0.795263223364508
train,1,195,0.5279444288118507
train,1,196,0.7457168741910414
train,1,197,0.8091970319949917
train,1,198,0.5771132750025637
train,1,199,0.4177692647995349
train,1,200,0.7351872956539585
train,1,201,0.5861722363165309
train,1,202,0.4817599422232993
train,1,203,0.451882942089482
train,1,204,0.62621228240024
train,1,205,0.5070333518140767
train,1,206,0.44874280392353255
train,1,207,0.602513068763134
train,1,208,0.45719547273571304
train,1,209,0.7317520152751695
train,1,210,0.6868327410744138
train,1,211,0.5924219605295884
train,1,212,0.7905758794872145
train,1,213,0.8607520220976344
train,1,214,0.5061335651292279
train,1,215,0.6408163954579802
train,1,216,0.8442052835028632
train,1,217,0.5985742435417308
train,1,218,0.5299524804364825
train,1,219,0.5010477874948935
train,1,220,0.41832131902837166
train,1,221,0.5461265212640871
train,1,222,0.5209218552904431
train,1,223,0.8882679379737367
train,1,224,0.9997621621670346
train,1,225,0.6919149715984687
train,1,226,0.5658999026628149
train,1,227,0.5393370467116024
train,1,228,0.41236737053270395
train,1,229,0.613362355542115
train,1,230,0.7040845617925658
train,1,231,0.6529583175611535
train,1,232,0.630615736941728
train,1,233,0.48052451843237565
train,1,234,0.5724008101922324
train,1,235,0.5422436495859337
train,1,236,0.4890309314409596
train,1,237,0.4227530379366441
train,1,238,0.3979406192449675
train,1,239,0.8315751776362734
train,1,240,0.5472665780844406
train,1,241,0.4554962133570234
train,1,242,0.6923482510368808
train,1,243,0.4790979579286704
train,1,244,0.6267182641446124
train,1,245,0.436839531456263
train,1,246,0.5842112935565813
train,1,247,0.6155669181046264
train,1,248,0.3841479994005733
train,1,249,0.558599000450824
train,1,250,0.5844039701237999
train,1,251,0.5597361094839908
train,1,252,0.416213845077969
train,1,253,0.5402669583705781
train,1,254,0.6955126919076502
train,1,255,0.6209653665032392
train,1,256,0.8523244626577119
train,1,257,0.48387762313240695
train,1,258,0.4954028727246424
train,1,259,0.6735552179318044
train,1,260,0.729289988495295
train,1,261,0.7527878860627449
train,1,262,0.5071041182294479
train,1,263,0.5726989175631882
train,1,264,0.47093986500724855
train,1,265,0.5048846302839218
train,1,266,0.41463433029962293
train,1,267,0.5369468637834832
train,1,268,0.3914420262898897
train,1,269,0.6127961511046888
train,1,270,0.513267790605004
train,1,271,0.7162040138821963
train,1,272,0.6473798000889466
train,1,273,0.42352768241914207
train,1,274,0.4970187838951992
train,1,275,0.6467981184650639
train,1,276,0.5695244244030101
train,1,277,0.5729703039791275
train,1,278,0.5898981424606613
train,1,279,0.4478878066282953
train,1,280,0.701993981517811
train,1,281,0.5821595338361418
train,1,282,0.5488214659125121
train,1,283,0.5755724347522692
train,1,284,0.5280688918412296
train,1,285,0.6901882941331279
train,1,286,0.7108117855109879
train,1,287,0.49408863625032706
train,1,288,0.6189863268042644
train,1,289,0.7684372920558551
train,1,290,0.4453295645227777
train,1,291,0.4642806719437811
train,1,292,0.8432395072058863
train,1,293,0.6480248921880171
train,1,294,0.35835579622699915
train,1,295,0.6390347654785196
train,1,296,0.5799963180709227
train,1,297,0.6594027928743427
train,1,298,0.4871681312418691
train,1,299,0.6731888861620968
train,1,300,0.7052798085667864
train,1,301,0.5110293630462235
train,1,302,0.5564106225029639
train,1,303,0.30092595903329994
train,1,304,0.40050093489130567
train,1,305,0.657635024622061
train,1,306,0.4524033787961938
train,1,307,0.64058991776203
train,1,308,0.488824006722304
train,1,309,0.7092072441122556
train,1,310,0.7000511686390332
train,1,311,0.6974301804971925
train,1,312,0.645282531614126
train,1,313,0.6009665592294375
train,1,314,0.6950632640386496
train,1,315,0.8553280783568544
train,1,316,0.5348968796925022
train,1,317,0.5769342874432632
train,1,318,0.522625940555771
train,1,319,0.5067237665170294
train,1,320,0.6363795484979285
train,1,321,0.808127075372491
train,1,322,0.5515583081652744
train,1,323,0.5858587536757807
train,1,324,0.43799183755579185
train,1,325,0.5534144064212246
train,1,326,0.46364442351729945
train,1,327,0.4403291850838994
train,1,328,0.6916802239032407
train,1,329,0.6402274914825141
train,1,330,0.7442178962522907
train,1,331,0.7417779609261189
train,1,332,0.6365452482095312
train,1,333,0.6265427372799101
train,1,334,0.8292708071506039
train,1,335,0.6620481087957002
train,1,336,0.4970200800999046
train,1,337,0.5079793478286857
train,1,338,0.6885098367991986
train,1,339,0.49987499725597184
train,1,340,0.6064294840121424
train,1,341,0.5643197076667086
train,1,342,0.3837932377543749
train,1,343,0.44873917914279915
train,1,344,0.6245929666891381
train,1,345,0.5468791506525659
train,1,346,0.502398956556027
train,1,347,0.7535322961133755
train,1,348,0.558266869252209
train,1,349,0.5300352890982124
train,1,350,0.5432731736307583
train,1,351,0.5606393329302715
train,1,352,0.40399081126775
train,1,353,0.441200904398369
train,1,354,0.6686132808035263
train,1,355,0.4866639779952435
train,1,356,0.6705746164463657
train,1,357,0.698543426162159
train,1,358,0.8398987317774703
train,1,359,0.7337804724429391
train,1,360,0.4480939152808967
train,1,361,0.6476374925037551
train,1,362,0.3936227250160656
train,1,363,0.6450429461166408
train,1,364,0.47608019232298737
train,1,365,0.5698595601512388
train,1,366,0.5796695338772175
train,1,367,0.49282540835780664
train,1,368,0.6201631374098102
train,1,369,0.3919785888560966
train,1,370,0.4523981989639314
train,1,371,0.562829303881451
train,1,372,0.5014785274016078
train,1,373,0.5423027750381179
train,1,374,0.6279354230040854
train,1,375,0.6333231326324347
train,1,376,0.4020820856775646
train,1,377,0.6920902330780845
train,1,378,0.5150824526205606
train,1,379,0.5588737368012979
train,1,380,0.47532409934196407
train,1,381,0.5832943051534241
train,1,382,0.45251658085053204
train,1,383,0.3998576000385728
train,1,384,0.4757314986683003
train,1,385,0.46461096022946424
train,1,386,0.6057437464392907
train,1,387,0.4922143147198475
train,1,388,0.6043881187689417
train,1,389,0.6861538374395408
train,1,390,0.20946863846177907
train,1,391,0.6720708865809727
train,1,392,0.4280115191502011
train,1,393,0.611336056360331
train,1,394,0.6224845560412124
train,1,395,0.4066756259496913
train,1,396,0.523475755657284
train,1,397,0.4150307644040361
train,1,398,0.6830204991455157
train,1,399,0.5353542019443891
train,1,400,0.6269235604090132
train,1,401,0.5991589710710861
train,1,402,0.6288804843004403
train,1,403,0.7727679635607649
train,1,404,0.7540901936543734
train,1,405,0.5187368268829151
train,1,406,0.46396869816237585
train,1,407,0.5813410471593681
train,1,408,0.6874950292504154
train,1,409,0.6278985073555443
train,1,410,0.4389212099462036
train,1,411,0.7162898549672045
train,1,412,0.6017743161007287
train,1,413,0.670011513423808
train,1,414,0.5400198531563768
train,1,415,0.4638727048756336
train,1,416,0.7763135136023199
train,1,417,0.4919817170583842
train,1,418,0.48598381402508295
train,1,419,0.4718239550107456
train,1,420,0.36182011243385886
train,1,421,0.4016090163293985
train,1,422,0.5479478154135689
train,1,423,0.6920355246973249
train,1,424,0.6498079733583716
train,1,425,0.43623145762813065
train,1,426,0.40233320167902914
train,1,427,0.4260328328226075
train,1,428,0.8581343246581266
train,1,429,0.934415521207579
train,1,430,0.4175532067467911
train,1,431,0.6030151733940312
train,1,432,0.47837235942782386
train,1,433,0.45246299361752856
train,1,434,0.45203315804687855
train,1,435,0.5426901302605847
train,1,436,0.36399468364734994
train,1,437,0.4484304620147206
train,1,438,0.40856583995458207
train,1,439,0.5660186766870414
train,1,440,0.6090410287670138
train,1,441,0.4398829611587487
train,1,442,0.497230806527213
train,1,443,0.5830550369594664
train,1,444,0.4790531959197089
train,1,445,0.7245319637492762
train,1,446,0.48949428118727023
train,1,447,0.5546328781511176
train,1,448,0.6693666895411012
train,1,449,0.3544333485443557
train,1,450,0.3691997523857235
train,1,451,0.5414718120624101
train,1,452,0.6345315367250244
train,1,453,0.48659126937453057
train,1,454,0.4135626183319999
train,1,455,0.3999199981454295
train,1,456,0.48286814453945337
train,1,457,0.44213385031274666
train,1,458,0.4022706529402351
train,1,459,0.42348088525887506
train,1,460,0.5170520195437709
train,1,461,0.5519567473895475
train,1,462,0.37054533655238986
train,1,463,0.5650169727822244
train,1,464,0.5741001202692202
train,1,465,0.760403177725226
train,1,466,0.4525808880135189
train,1,467,0.493736683280546
train,1,468,0.7338384826912278
train,1,469,0.69687235063767
train,1,470,0.4128635002009548
train,1,471,0.40747809898140364
train,1,472,0.41780581692472696
train,1,473,0.5376110970507122
train,1,474,0.5677339941577495
train,1,475,0.37573212493420516
train,1,476,0.5149413928244321
train,1,477,0.5129677030252227
train,1,478,0.5334792622530893
train,1,479,0.5623332733528204
train,1,480,0.4549394337164584
train,2,1,0.5726732735146578
train,2,2,0.6973635544794066
train,2,3,0.9141187953322192
train,2,4,0.566191323078745
train,2,5,0.48084564448524797
train,2,6,0.8004773835320708
train,2,7,0.48633368012671463
train,2,8,0.7916606475791446
train,2,9,0.5818187282934979
train,2,10,0.6053714508746334
train,2,11,0.5232157183341022
train,2,12,0.38057086886487246
train,2,13,0.40386034052791014
train,2,14,0.5287038756128628
train,2,15,0.5232868336897148
train,2,16,0.4854815771020214
train,2,17,0.6706777313676426
train,2,18,0.4163045908804458
train,2,19,0.5479114612751818
train,2,20,0.4273096038443728
train,2,21,0.5063709424215632
train,2,22,0.5135791641819943
train,2,23,0.5187298430054607
train,2,24,0.5440163983991891
train,2,25,0.7102807202355884
train,2,26,0.5005015956021104
train,2,27,0.7085977919233793
train,2,28,0.7747509192190976
train,2,29,0.4679826984561236
train,2,30,0.404775091830585
train,2,31,0.47268209783638115
train,2,32,0.43934857060011884
train,2,33,0.3685958635785225
train,2,34,0.5762215603371224
train,2,35,0.6805737760686879
train,2,36,0.5809887213881634
train,2,37,0.4984286745483574
train,2,38,0.5042097597794727
train,2,39,0.6039179086129209
train,2,40,0.4843300550615137
train,2,41,0.43734274162035824
train,2,42,0.5015502358322488
train,2,43,0.592893636875096
train,2,44,0.5315151065610599
train,2,45,0.6170234539168924
train,2,46,0.5032829675200667
train,2,47,0.5707527858811681
train,2,48,0.42288347530195985
train,2,49,0.40014536727167416
train,2,50,0.4550554488762344
train,2,51,0.6407124730983867
train,2,52,0.3881942111159711
train,2,53,0.4491742510982674
train,2,54,0.27927712699264606
train,2,55,0.47187557397443847
train,2,56,0.41594267225133086
train,2,57,0.8859672855808989
train,2,58,0.44003752437896043
train,2,59,0.6544712570602569
train,2,60,0.5276066541334392
train,2,61,0.39744319789420096
train,2,62,0.39545920599965106
train,2,63,0.4142214524834967
train,2,64,0.4756344326942122
train,2,65,0.5537199496559821
train,2,66,0.5151331119649354
train,2,67,0.332962305615377
train,2,68,0.516061686569902
train,2,69,0.3821681636554675
train,2,70,0.5377302240613662
train,2,71,0.6910646295776587
train,2,72,0.5912763393695954
train,2,73,0.5834809110830717
train,2,74,0.7074557902377087
train,2,75,0.532669253764172
train,2,76,0.3841802298743242
train,2,77,0.5770440347056773
train,2,78,0.3599806387237193
train,2,79,0.5168302922228545
train,2,80,0.3581095034764539
train,2,81,0.5565076169299479
train,2,82,0.43806464684231716
train,2,83,0.5672242699337783
train,2,84,0.6898333349100085
train,2,85,0.548385502089793
train,2,86,0.38571721513325274
train,2,87,0.4661277955631545
train,2,88,0.5739572187613683
train,2,89,0.30491009537590597
train,2,90,0.3926256907510948
train,2,91,0.45982305770657794
train,2,92,0.6429032941750528
train,2,93,0.45951028133695754
train,2,94,0.4178898772511659
train,2,95,0.7290484868763512
train,2,96,0.41901489941923087
train,2,97,0.31524566501451384
train,2,98,0.477857785383341
train,2,99,0.8493805471485402
train,2,100,0.3251274689566909
train,2,101,0.332225273268471
train,2,102,0.7009944819085059
train,2,103,0.3481646441829987
train,2,104,0.49328490702458533
train,2,105,0.5937960540976116
train,2,106,0.4871088232161343
train,2,107,0.3699183298446871
train,2,108,0.3927077400539139
train,2,109,0.26404802260045845
train,2,110,0.6655722220204446
train,2,111,0.3617415298849385
train,2,112,0.47518272970233855
train,2,113,0.7279331380755799
train,2,114,0.4680170513557217
train,2,115,0.7199671373024401
train,2,116,0.49743454867052256
train,2,117,0.7194439257398857
train,2,118,0.6167583132018608
train,2,119,0.5674042072928679
train,2,120,0.5665512624720093
train,2,121,0.5803405201315447
train,2,122,0.4944921112933297
train,2,123,0.4608848494073068
train,2,124,0.48303014827847446
train,2,125,0.550865577245907
train,2,126,0.5196533421531285
train,2,127,0.5899877486925438
train,2,128,0.43852957004594284
train,2,129,0.46305372684056334
train,2,130,0.7066080379603382
train,2,131,0.4918757179246026
train,2,132,0.41294897132715375
train,2,133,0.4632619699090176
train,2,134,0.3446901713706151
train,2,135,0.3930891334062966
train,2,136,0.8594994239640874
train,2,137,0.5208264154393478
train,2,138,0.38460858239403517
train,2,139,0.48497924804207526
train,2,140,0.6504140761050482
train,2,141,0.3219637514290682
train,2,142,0.4548671747874134
train,2,143,0.6044036050371687
train,2,144,0.7072026106715246
train,2,145,0.4730188670960688
train,2,146,0.4405643335700281
train,2,147,0.38230610986000463
train,2,148,0.5604809292587725
train,2,149,0.4804879146008132
train,2,150,0.47998577013578214
train,2,151,0.4732053533446484
train,2,152,0.5849925041299477
train,2,153,0.35194877418663306
train,2,154,0.4501157058165309
train,2,155,0.6062654570431223
train,2,156,0.4444086745212184
train,2,157,0.3412587928090753
train,2,158,0.5685721162553262
train,2,159,0.5301655440035704
train,2,160,0.37370797130456784
train,2,161,0.552830104009237
train,2,162,0.5385028402652369
train,2,163,0.5900047330772287
train,2,164,0.47383323125051346
train,2,165,0.5271319981581253
train,2,166,0.5819244121738925
train,2,167,0.7372355926176508
train,2,168,0.49130402940691015
train,2,169,0.36752217599480574
train,2,170,0.3594874221627342
train,2,171,0.3423929566329039
train,2,172,0.5153521491525279
train,2,173,0.5170700339348568
train,2,174,0.48133510197575186
train,2,175,0.4230768839867388
train,2,176,0.46264532774867834
train,2,177,0.3591912681899433
train,2,178,0.4678976656155434
train,2,179,0.42569174174636604
train,2,180,0.5294061720301082
train,2,181,0.5073034609126159
train,2,182,0.54839415233672
train,2,183,0.35704242495908567
train,2,184,0.3489076988493939
train,2,185,0.4686494750847145
train,2,186,0.3545940650496008
train,2,187,0.758956165762952
train,2,188,0.6906727434162838
train,2,189,0.4132908769907526
train,2,190,0.7343583914816216
train,2,191,0.5153074315099784
train,2,192,0.4353343064805847
train,2,193,0.41992169070302166
train,2,194,0.4400318717015918
train,2,195,0.4049859905716985
train,2,196,0.4567678687039853
train,2,197,0.44614114845858627
train,2,198,0.3208968542933375
train,2,199,0.30588225857739404
train,2,200,0.3907770342165571
train,2,201,0.7513855457757457
train,2,202,0.6453994058878078
train,2,203,0.5547825444184362
train,2,204,0.2791209226221586
train,2,205,0.47004783151143303
train,2,206,0.36231100190601695
train,2,207,0.47586087533426147
train,2,208,0.5011781948585762
train,2,209,0.5089585285764737
train,2,210,0.6381164378176534
train,2,211,0.4630075845847862
train,2,212,0.523830716653548
train,2,213,0.4885461589086556
train,2,214,0.7139303238384049
train,2,215,0.3336589252442093
train,2,216,0.43008169177093747
train,2,217,0.40300409410454247
train,2,218,0.4469284904570826
train,2,219,0.8442312260496614
train,2,220,0.5708542686882502
train,2,221,0.7168152594989449
train,2,222,0.42258010812294894
train,2,223,0.6954029368481349
train,2,224,0.4234932002497942
train,2,225,0.4679139941405215
train,2,226,0.45932800862903345
train,2,227,0.5506989838064584
train,2,228,0.3947597409534724
train,2,229,0.5389787088405913
train,2,230,0.6328245915013058
train,2,231,0.4337107851406753
train,2,232,0.4156236746753553
train,2,233,0.4220616658018148
train,2,234,0.4302932122850716
train,2,235,0.339520722007271
train,2,236,0.5439961220290788
train,2,237,0.4803516387499054
train,2,238,0.4264282432340676
train,2,239,0.4051187317455003
train,2,240,0.6164954116915626
train,2,241,0.3953023785815824
train,2,242,0.2686944370106745
train,2,243,0.5992885403317363
train,2,244,0.5151286498777616
train,2,245,0.4126864473768055
train,2,246,0.5979760684066676
train,2,247,0.5739609502787868
train,2,248,0.5934513475996261
train,2,249,0.5321649512569939
train,2,250,0.5902288586130824
train,2,251,0.48861853600152505
train,2,252,0.5527183216158673
train,2,253,0.4639357123997679
train,2,254,0.6448366189210624
train,2,255,0.419360127233897
train,2,256,0.6021738759713149
train,2,257,0.6008604458396514
train,2,258,0.4449421377283099
train,2,259,0.43699757147979107
train,2,260,0.36905331744523573
train,2,261,0.557228244749124
train,2,262,0.27034563859191135
train,2,263,0.526117215896309
train,2,264,0.3814679967541684
train,2,265,0.4527157537996026
train,2,266,0.5549386576150609
train,2,267,0.22728837775817629
train,2,268,0.5868779197225759
train,2,269,0.5497250949916537
train,2,270,0.45799037404824805
train,2,271,0.53876506965712
train,2,272,0.47633460334467403
train,2,273,0.5659401874474825
train,2,274,0.4222966800632874
train,2,275,0.4586061469659249
train,2,276,0.6225135806172052
train,2,277,0.7045226270808971
train,2,278,0.35384257270538094
train,2,279,0.3383288344880722
train,2,280,0.5258562695928992
train,2,281,0.3798087555334035
train,2,282,0.46941622930890975
train,2,283,0.5618776255600232
train,2,284,0.5217141664955831
train,2,285,0.5353302395806276
train,2,286,0.4683408722840413
train,2,287,0.4478629603220612
train,2,288,0.5821073011625687
train,2,289,0.49457823075356416
train,2,290,0.38170936581521
train,2,291,0.4379063271234776
train,2,292,0.39681786007554176
train,2,293,0.3923900447528929
train,2,294,0.6902762765371517
train,2,295,0.4372212481309418
train,2,296,0.5838844180526183
train,2,297,0.43515120360440596
train,2,298,0.5726108770313161
train,2,299,0.4510788930427668
train,2,300,0.5686975396206408
train,2,301,0.5309812338073954
train,2,302,0.3498716567627708
train,2,303,0.5266573888834507
train,2,304,0.3567678039452325
train,2,305,0.5489330344298151
train,2,306,0.4521384777942761
train,2,307,0.6501799994628641
train,2,308,0.6554668583759173
train,2,309,0.4798826503082577
train,2,310,0.7296222984108625
train,2,311,0.5692849747743423
train,2,312,0.5162059936363873
train,2,313,0.6417071958738895
train,2,314,0.3367428303239271
train,2,315,0.6123201778046523
train,2,316,0.6344514031657709
train,2,317,0.5241901134484825
train,2,318,0.5941720781372763
train,2,319,0.43987236295986504
train,2,320,0.4427892428168542
train,2,321,0.5308041286704895
train,2,322,0.49419230312300044
train,2,323,0.6039605465145597
train,2,324,0.38758085343115345
train,2,325,0.4558057766044988
train,2,326,0.6112327627198177
train,2,327,0.43686624014193964
train,2,328,0.4801318001605862
train,2,329,0.5393571368955374
train,2,330,0.5786121898320074
train,2,331,0.5021741434340578
train,2,332,0.470131672904312
train,2,333,0.3973482276625261
train,2,334,0.5153176841074204
train,2,335,0.41476992979705507
train,2,336,0.47304408427250316
train,2,337,0.38583125767093607
train,2,338,0.3783496867323126
train,2,339,0.6813095465793373
train,2,340,0.6291590049805037
train,2,341,0.5251877509954281
train,2,342,0.673894601836895
train,2,343,0.5950691072443546
train,2,344,0.44387441446171194
train,2,345,0.481917989197451
train,2,346,0.37657955451683334
train,2,347,0.5780802691314111
train,2,348,0.5560015772151367
train,2,349,0.5455251168833501
train,2,350,0.40983047301753806
train,2,351,0.5265831510367844
train,2,352,0.3483344359387653
train,2,353,0.607214481068121
train,2,354,0.4941535419870264
train,2,355,0.528122118678861
train,2,356,0.3939738090807619
train,2,357,0.5360369930712552
train,2,358,0.33827406129618504
train,2,359,0.723925938021479
train,2,360,0.6188863508093372
train,2,361,0.5761261976502595
train,2,362,0.27644175671443416
train,2,363,0.6613636125703348
train,2,364,0.5337305142782973
train,2,365,0.5324274704125216
train,2,366,0.4740317437020377
train,2,367,0.2838767288374189
train,2,368,0.5138391786225711
train,2,369,0.43032817713457366
train,2,370,0.47324383014852395
train,2,371,0.5719027256591005
train,2,372,0.3706205979067165
train,2,373,0.3923300276204098
train,2,374,0.5368160482171995
train,2,375,0.5703740797505266
train,2,376,0.6563359765570856
train,2,377,0.6438504594735079
train,2,378,0.517535521744424
train,2,379,0.5440110612536145
train,2,380,0.5179254111749676
train,2,381,0.4286216003465955
train,2,382,0.5174256996387487
train,2,383,0.4577642536019106
train,2,384,0.590856887145978
train,2,385,0.33271049262314184
train,2,386,0.5284329758819124
train,2,387,0.4880292672682869
train,2,388,0.44086969948978283
train,2,389,0.6204009744975623
train,2,390,0.39197588019187507
train,2,391,0.4471883348867599
train,2,392,0.3286192128730883
train,2,393,0.6637790243055113
train,2,394,0.5828956751093562
train,2,395,0.689279608088531
train,2,396,0.4553660263806325
train,2,397,0.5814530546373502
train,2,398,0.5936658028764605
train,2,399,0.45878007802316867
train,2,400,0.6491758052894984
train,2,401,0.7898396392153173
train,2,402,0.4542238288895143
train,2,403,0.43019265639225857
train,2,404,0.5414884707177603
train,2,405,0.7494385283047216
train,2,406,0.558979649693124
train,2,407,0.5244449362890663
train,2,408,0.6212358090428383
train,2,409,0.5867176903885767
train,2,410,0.33986783603818144
train,2,411,0.4742256572008955
train,2,412,0.6122905225416237
train,2,413,0.43108503583158364
train,2,414,0.4716219825453469
train,2,415,0.827962384387448
train,2,416,0.6756370785953294
train,2,417,0.5709082827310761
train,2,418,0.350802637679248
train,2,419,0.44035252732034147
train,2,420,0.7194188857405757
train,2,421,0.6584506199885576
train,2,422,0.5879679697537256
train,2,423,0.496078272348363
train,2,424,0.45996236545304847
train,2,425,0.5348157567610546
train,2,426,0.46508894374004484
train,2,427,0.5921325084010493
train,2,428,0.40470555405429054
train,2,429,0.39683288852091997
train,2,430,0.3370747891066068
train,2,431,0.7340022281850661
train,2,432,0.3794882030990534
train,2,433,0.343409228555243
train,2,434,0.3261753974773195
train,2,435,0.3484001881960008
train,2,436,0.49617022626592955
train,2,437,0.5343541520371653
train,2,438,0.5119162793250918
train,2,439,0.6529287347815727
train,2,440,0.4442410428183372
train,2,441,0.6069598674097428
train,2,442,0.5341527324841423
train,2,443,0.7497269209512485
train,2,444,0.489604373943868
train,2,445,0.4684710431811139
train,2,446,0.5459325602818462
train,2,447,0.5480218352124134
train,2,448,0.6089133880262998
train,2,449,0.40167878052067474
train,2,450,0.5189431878470685
train,2,451,0.40940649531454953
train,2,452,0.6122769746424659
train,2,453,0.47208361076292593
train,2,454,0.48184829506978305
train,2,455,0.5044981157026922
train,2,456,0.4950084738455352
train,2,457,0.29696185823673915
train,2,458,0.4158090011118971
train,2,459,0.5107976233874214
train,2,460,0.48341045483516665
train,2,461,0.6603541128315474
train,2,462,0.4069023713499219
train,2,463,0.40922622182505886
train,2,464,0.3918628572604195
train,2,465,0.5571922477355205
train,2,466,0.3500286209599446
train,2,467,0.4016561393487885
train,2,468,0.577805659336437
train,2,469,0.6838655621585216
train,2,470,0.658931233035028
train,2,471,0.4795344465609927
train,2,472,0.4246226630644637
train,2,473,0.3635655660596744
train,2,474,0.5847596950739957
train,2,475,0.38039232350948826
train,2,476,0.620526547881961
train,2,477,0.5671129560254122
train,2,478,0.6466754943419137
train,2,479,0.5149348332811978
train,2,480,0.4158204230586427
train,3,1,0.4532316182382525
train,3,2,0.6505264914651302
train,3,3,0.5351776012465954
train,3,4,0.5688756656749838
train,3,5,0.5135445068143687
train,3,6,0.6072532719725332
train,3,7,0.33810921249363707
train,3,8,0.6015808431115894
train,3,9,0.6398038253525749
train,3,10,0.4911862800622381
train,3,11,0.5438881552236952
train,3,12,0.37538187006737755
train,3,13,0.44567449196097475
train,3,14,0.5492530415882735
train,3,15,0.504634670665101
train,3,16,0.46569954399307945
train,3,17,0.5485504770702991
train,3,18,0.4307467838461969
train,3,19,0.34861030643388347
train,3,20,0.37636301821268114
train,3,21,0.5258094236059578
train,3,22,0.3380480346103951
train,3,23,0.5258300594585876
train,3,24,0.6133702661535417
train,3,25,0.6193677027542621
train,3,26,0.5144151075540149
train,3,27,0.6246240602951159
train,3,28,0.4260014585597603
train,3,29,0.3681477208716944
train,3,30,0.393408890312849
train,3,31,0.4161510556639866
train,3,32,0.4458812494764226
train,3,33,0.4059719810056758
train,3,34,0.39235766253251003
train,3,35,0.35867571585191804
train,3,36,0.47377577865982257
train,3,37,0.4500644930374114
train,3,38,0.39957613901587685
train,3,39,0.48644582728832764
train,3,40,0.7691246516771317
train,3,41,0.5550290962699858
train,3,42,0.4556309318739854
train,3,43,0.38931175440106003
train,3,44,0.43717935272002684
train,3,45,0.5983038553633081
train,3,46,0.43664525569824514
train,3,47,0.7553251409755529
train,3,48,0.5059991453267275
train,3,49,0.5147358362321425
train,3,50,0.42823905710834775
train,3,51,0.48803708952592106
train,3,52,0.6001485211727613
train,3,53,0.48166562192560425
train,3,54,0.4324679480151292
train,3,55,0.559133672146683
train,3,56,0.48769994353171586
train,3,57,0.42084703856693956
train,3,58,0.3660494551947924
train,3,59,0.6758312255000914
train,3,60,0.5460358340049329
train,3,61,0.5227667616065448
train,3,62,0.4160369520886328
train,3,63,0.49747080658779264
train,3,64,0.5726468772546456
train,3,65,0.5176652633448329
train,3,66,0.62744153789912
train,3,67,0.4064149599178046
train,3,68,0.42434191682626216
train,3,69,0.3408516823478355
train,3,70,0.4199411488454116
train,3,71,0.3784977443933749
train,3,72,0.3720869655203778
train,3,73,0.3839815639856641
train,3,74,0.47849209625758704
train,3,75,0.6354895997373022
train,3,76,0.7625384740997501
train,3,77,0.4758224067516728
train,3,78,0.35819000137741924
train,3,79,0.6661049030884019
train,3,80,0.3689549061900503
train,3,81,0.5296443749565463
train,3,82,0.46677207446838187
train,3,83,0.3610394967476111
train,3,84,0.5866001542063035
train,3,85,0.41203710547671746
train,3,86,0.5629794324681124
train,3,87,0.5438816495264531
train,3,88,0.6597088272460849
train,3,89,0.5735201978642067
train,3,90,0.4693306568589283
train,3,91,0.3551243352698467
train,3,92,0.5711840727169895
train,3,93,0.49346042206651825
train,3,94,0.34358288008561066
train,3,95,0.4867546105588626
train,3,96,0.4770427680153079
train,3,97,0.5536260131290068
train,3,98,0.6420168910877891
train,3,99,0.4857216472451427
train,3,100,0.5020578778871431
train,3,101,0.44848558058591026
train,3,102,0.552287142503333
train,3,103,0.4880876874234996
train,3,104,0.42644906066049876
train,3,105,0.5261647256987934
train,3,106,0.38837698499600604
train,3,107,0.46774454616656425
train,3,108,0.39818602784079976
train,3,109,0.3786289701818063
train,3,110,0.6352671200891813
train,3,111,0.4851445698145476
train,3,112,0.4545793158569524
train,3,113,0.33668339843454936
train,3,114,0.6077296508647478
train,3,115,0.6093138418397525
train,3,116,0.39318729471625846
train,3,117,0.38385486765722804
train,3,118,0.4661173577318989
train,3,119,0.36631481241734865
train,3,120,0.49927493901002323
train,3,121,0.4943947436587437
train,3,122,0.38097144331670724
train,3,123,0.5385324770962089
train,3,124,0.5000943662676275
train,3,125,0.559019627289323
train,3,126,0.5111238935028918
train,3,127,0.4778002435477571
train,3,128,0.5214368592833089
train,3,129,0.6010880463321372
train,3,130,0.4755549255607858
train,3,131,0.3991548647027559
train,3,132,0.35924491795279195
train,3,133,0.47060147463465946
train,3,134,0.39189273525376433
train,3,135,0.6498241484145604
train,3,136,0.4956080319480334
train,3,137,0.41122608638724684
train,3,138,0.5428880552188546
train,3,139,0.7071142641177337
train,3,140,0.6389752802346009
train,3,141,0.5947962704951189
train,3,142,0.3130605653293337
train,3,143,0.40673879838002264
train,3,144,0.3922475839668447
train,3,145,0.45638170852963755
train,3,146,0.4938099187711438
train,3,147,0.4783427582465357
train,3,148,0.3567115281912337
train,3,149,0.45536369254904147
train,3,150,0.5092462482863765
train,3,151,0.5314523064771192
train,3,152,0.6341697443502529
train,3,153,0.44063758465262415
train,3,154,0.33716034348349205
train,3,155,0.6421296053920372
train,3,156,0.6061077970922156
train,3,157,0.43759347327236675
train,3,158,0.3923851941491101
train,3,159,0.5543294688305875
train,3,160,0.45259314447676924
train,3,161,0.6195853694702865
train,3,162,0.43896638993472836
train,3,163,0.3245488564059038
train,3,164,0.569017487982766
train,3,165,0.39148251077304413
train,3,166,0.35454868561479397
train,3,167,0.47812908218873446
train,3,168,0.4544778699449631
train,3,169,0.5093928498344659
train,3,170,0.565316593249226
train,3,171,0.537437550623018
train,3,172,0.48498818072168653
train,3,173,0.36083325692435014
train,3,174,0.39500439272523963
train,3,175,0.3809799229922074
train,3,176,0.4403084319863042
train,3,177,0.5466798868940532
train,3,178,0.43623479786026415
train,3,179,0.2668686749439718
train,3,180,0.6133135373967947
train,3,181,0.5140032072896206
train,3,182,0.5646750629756899
train,3,183,0.3556850364056929
train,3,184,0.5490381251310541
train,3,185,0.7275604554378645
train,3,186,0.46338709723239235
train,3,187,0.41901316040705056
train,3,188,0.5448892079588575
train,3,189,0.3807408325569207
train,3,190,0.5452836792411802
train,3,191,0.5641905706197717
train,3,192,0.43536003909322873
train,3,193,0.3839020629607055
train,3,194,0.5669907909489167
train,3,195,0.5216555914465499
train,3,196,0.4205156767334023
train,3,197,0.6138019046940095
train,3,198,0.47248148385630356
train,3,199,0.462761230962753
train,3,200,0.5303913941107817
train,3,201,0.6172294935381526
train,3,202,0.47067297365700805
train,3,203,0.4312504152443546
train,3,204,0.6305709694852295
train,3,205,0.6873725326960904
train,3,206,0.49357605872833443
train,3,207,0.44069515318861047
train,3,208,0.40284762631331666
train,3,209,0.4096263162996546
train,3,210,0.39088204139724425
train,3,211,0.5792500654255066
train,3,212,0.3769000725964479
train,3,213,0.392926809823338
train,3,214,0.3335821885765188
train,3,215,0.5604661998750815
train,3,216,0.6374447075126313
train,3,217,0.4557865533913837
train,3,218,0.4783053959232494
train,3,219,0.7720850937776691
train,3,220,0.6432599871055168
train,3,221,0.2588796786569506
train,3,222,0.41784195884088776
train,3,223,0.6392133608921008
train,3,224,0.3992383421478457
train,3,225,0.3937316119127391
train,3,226,0.35603452170539884
train,3,227,0.2728780329220734
train,3,228,0.433798815608706
train,3,229,0.3714649952838639
train,3,230,0.3934892556674063
train,3,231,0.5066725244091805
train,3,232,0.4590850673478838
train,3,233,0.47734096726118525
train,3,234,0.4692476954110284
train,3,235,0.4294421562413561
train,3,236,0.4674736655671145
train,3,237,0.7356154579298524
train,3,238,0.5824889350147019
train,3,239,0.4566165826751589
train,3,240,0.5583289947946438
train,3,241,0.39721277721704173
train,3,242,0.6456890889792553
train,3,243,0.4583454193608786
train,3,244,0.5484447694409802
train,3,245,0.5476305053185069
train,3,246,0.36251456922196534
train,3,247,0.5888451964476664
train,3,248,0.424215104336847
train,3,249,0.47898067524116517
train,3,250,0.48548576129323817
train,3,251,0.49397281847289976
train,3,252,0.4101543572848169
train,3,253,0.3093442881196167
train,3,254,0.6859507947473209
train,3,255,0.3141349800802969
train,3,256,0.46847432716661097
train,3,257,0.48654704998550313
train,3,258,0.6942404248766016
train,3,259,0.4773739560152629
train,3,260,0.4757618436307078
train,3,261,0.6091321064414605
train,3,262,0.6520355112409709
train,3,263,0.6289336079955561
train,3,264,0.44691449717174314
train,3,265,0.41348895201973607
train,3,266,0.4423222458332777
train,3,267,0.46946271038735377
train,3,268,0.48031417999057247
train,3,269,0.5235708556175965
train,3,270,0.38315264252792175
train,3,271,0.45387607408763275
train,3,272,0.33944828778582214
train,3,273,0.24938350018459865
train,3,274,0.42932577931095994
train,3,275,0.5839066389472278
train,3,276,0.4340046696561457
train,3,277,0.4548021005175924
train,3,278,0.3523023348234256
train,3,279,0.39063011383087787
train,3,280,0.7464034391040961
train,3,281,0.4480794239082274
train,3,282,0.6284779052142864
train,3,283,0.5180869548568152
train,3,284,0.4113813538675109
train,3,285,0.7534099884858817
train,3,286,0.4287224865328588
train,3,287,0.4400530584156882
train,3,288,0.39610617167306117
train,3,289,0.49818653906504934
train,3,290,0.3229455676800103
train,3,291,0.42014348802442386
train,3,292,0.5732770486160348
train,3,293,0.8034910173720721
train,3,294,0.47627285180483875
train,3,295,0.6390198979767808
train,3,296,0.3637274364429821
train,3,297,0.5452850714969086
train,3,298,0.6180310343788665
train,3,299,0.6188625422677961
train,3,300,0.47022005907532505
train,3,301,0.47061252416133903
train,3,302,0.4790421747569877
train,3,303,0.49168100099132606
train,3,304,0.5273134635473398
train,3,305,0.3894526085404343
train,3,306,0.4970857442173632
train,3,307,0.40856284577494917
train,3,308,0.4472333515860528
train,3,309,0.30225716504337896
train,3,310,0.46050506931165724
train,3,311,0.43168065757729307
train,3,312,0.6417434256731216
train,3,313,0.5054259435252949
train,3,314,0.40401964385897166
train,3,315,0.4313066175117408
train,3,316,0.4589321565752683
train,3,317,0.37274492260099046
train,3,318,0.32827816517884695
train,3,319,0.5043506816668067
train,3,320,0.30448486335330466
train,3,321,0.4922445034314311
train,3,322,0.2985709025131372
train,3,323,0.44925455230332395
train,3,324,0.6545772717309101
train,3,325,0.640373073650211
train,3,326,0.49735702998249165
train,3,327,0.48114221287941805
train,3,328,0.5170970937568389
train,3,329,0.5740922905995514
train,3,330,0.5682959505904868
train,3,331,0.593026214051911
train,3,332,0.5405864980734394
train,3,333,0.49274048145075233
train,3,334,0.46346418262552214
train,3,335,0.35526468571597775
train,3,336,0.6580231544045594
train,3,337,0.5423060478285074
train,3,338,0.3657856261064408
train,3,339,0.4623753849927918
train,3,340,0.2291522903184843
train,3,341,0.7385930545752623
train,3,342,0.3752369994642933
train,3,343,0.3880349343814894
train,3,344,0.3936344001243516
train,3,345,0.5968891844772202
train,3,346,0.6871658877127563
train,3,347,0.476918934954213
train,3,348,0.3528189843426141
train,3,349,0.4625053635782873
train,3,350,0.5151606409763105
train,3,351,0.6240225428879445
train,3,352,0.6404190575201268
train,3,353,0.572953415196289
train,3,354,0.7094054033692363
train,3,355,0.47480793945726824
train,3,356,0.39398681168379013
train,3,357,0.546816215797193
train,3,358,0.5408411832586668
train,3,359,0.456364423128447
train,3,360,0.4114302966961415
train,3,361,0.4558139969767107
train,3,362,0.517332030571303
train,3,363,0.507434812975545
train,3,364,0.5385970655969884
train,3,365,0.575306596560483
train,3,366,0.5381976748344981
train,3,367,0.5271721277980148
train,3,368,0.6455498773515577
train,3,369,0.5274372807745489
train,3,370,0.38537773468831726
train,3,371,0.5912940599796654
train,3,372,0.2850035414778364
train,3,373,0.4197872204504216
train,3,374,0.5727440999275168
train,3,375,0.45024302690646667
train,3,376,0.3308470640329946
train,3,377,0.5028531980312085
train,3,378,0.37616929438869007
train,3,379,0.3838823490174449
train,3,380,0.3787695769453847
train,3,381,0.500645701919114
train,3,382,0.4600752583031731
train,3,383,0.5385465045242394
train,3,384,0.39906662881203825
train,3,385,0.4303707298595891
train,3,386,0.6350079632846828
train,3,387,0.36495791281631246
train,3,388,0.6821044009803633
train,3,389,0.6240288801094791
train,3,390,0.31518597666587356
train,3,391,0.4593782943253327
train,3,392,0.7088539641599179
train,3,393,0.463031955520086
train,3,394,0.6608786532416637
train,3,395,0.43209385568994685
train,3,396,0.48778621933510263
train,3,397,0.5239153587629259
train,3,398,0.35728369968365653
train,3,399,0.48516959208719435
train,3,400,0.4247755728145133
train,3,401,0.3566975869786222
train,3,402,0.47800226427644643
train,3,403,0.6257746513046332
train,3,404,0.42321859221686975
train,3,405,0.3645917878102415
train,3,406,0.5550987492041816
train,3,407,0.41535524207140717
train,3,408,0.43789123370805083
train,3,409,0.5554696593421483
train,3,410,0.5731526232715609
train,3,411,0.5243327059303267
train,3,412,0.4710552151405145
train,3,413,0.3721689960196603
train,3,414,0.5422442107081621
train,3,415,0.532948707029654
train,3,416,0.3440086039747997
train,3,417,0.4264275256196523
train,3,418,0.2446775297617855
train,3,419,0.3460120381444849
train,3,420,0.7321908369755423
train,3,421,0.43050774141653825
train,3,422,0.57167735058736
train,3,423,0.4481271311180397
train,3,424,0.52795652299672
train,3,425,0.5741821206373455
train,3,426,0.3931610162603417
train,3,427,0.45384420979668005
train,3,428,0.5520362451495575
train,3,429,0.6232572577363633
train,3,430,0.6817197337791708
train,3,431,0.5655933079082676
train,3,432,0.6848966280566078
train,3,433,0.43682889099060046
train,3,434,0.5636229964128081
train,3,435,0.42662344599871904
train,3,436,0.48376171131359547
train,3,437,0.3587438630167235
train,3,438,0.3715830661289849
train,3,439,0.32868765554431745
train,3,440,0.33597272307062
train,3,441,0.41168593499297057
train,3,442,0.5235889225287613
train,3,443,0.7708018686440543
train,3,444,0.4215886575794184
train,3,445,0.38447646444858136
train,3,446,0.4682645399521485
train,3,447,0.29571137318964413
train,3,448,0.6381806636483188
train,3,449,0.5122391744854278
train,3,450,0.4534029411578952
train,3,451,0.42064813784670263
train,3,452,0.39888111781470087
train,3,453,0.4654430365686606
train,3,454,0.4337020145843355
train,3,455,0.5188694612652781
train,3,456,0.5745994503224232
train,3,457,0.44858345202249994
train,3,458,0.30989100873234154
train,3,459,0.28594494483726723
train,3,460,0.43997329005763575
train,3,461,0.40372107206683594
train,3,462,0.38535338050967316
train,3,463,0.5645824166754677
train,3,464,0.5120730839253256
train,3,465,0.4990371601119482
train,3,466,0.43654616580278743
train,3,467,0.32372056639518604
train,3,468,0.7349575534554705
train,3,469,0.3298414947644167
train,3,470,0.5131466760272827
train,3,471,0.3773145433692947
train,3,472,0.43501085917772814
train,3,473,0.4563154133004961
train,3,474,0.38941724051154475
train,3,475,0.40769983845140834
train,3,476,0.5141563583410711
train,3,477,0.4862657235220824
train,3,478,0.28338145883436017
train,3,479,0.48326031040446316
train,3,480,0.5865079826306205
train,4,1,0.4672543333693255
train,4,2,0.48230916417329556
train,4,3,0.6432598471097571
train,4,4,0.6452741816161691
train,4,5,0.4252909393415682
train,4,6,0.591640770702101
train,4,7,0.3809754059304599
train,4,8,0.38548578671125666
train,4,9,0.3072885476406403
train,4,10,0.44906585358118717
train,4,11,0.5551760615647089
train,4,12,0.548956342075505
train,4,13,0.5152594118834364
train,4,14,0.385788130707431
train,4,15,0.362730718117794
train,4,16,0.4389007196580669
train,4,17,0.4995410104299648
train,4,18,0.45993793915596676
train,4,19,0.5761626904679505
train,4,20,0.40769929884273354
train,4,21,0.44781758280269923
train,4,22,0.3779506172454229
train,4,23,0.4215746541906009
train,4,24,0.46072320227113406
train,4,25,0.2422881286252261
train,4,26,0.49510092042940096
train,4,27,0.46864042750062396
train,4,28,0.5308810745961179
train,4,29,0.44762373910655723
train,4,30,0.323909527830946
train,4,31,0.46198123541314595
train,4,32,0.3913029265126666
train,4,33,0.3884955382374805
train,4,34,0.468891613373151
train,4,35,0.3429413745599812
train,4,36,0.3537833571475274
train,4,37,0.3933667300320598
train,4,38,0.3155072939830744
train,4,39,0.6709046509273819
train,4,40,0.5281712229697421
train,4,41,0.4663638571377695
train,4,42,0.3163586365303279
train,4,43,0.36297871802041626
train,4,44,0.5733139797074833
train,4,45,0.33967418986983267
train,4,46,0.47080854249500503
train,4,47,0.43808528659207796
train,4,48,0.6052922881894285
train,4,49,0.39779927871951165
train,4,50,0.40626507582012467
train,4,51,0.4511730420713977
train,4,52,0.47076970749861646
train,4,53,0.6411768118356975
train,4,54,0.26776392556560974
train,4,55,0.4651118863665966
train,4,56,0.3337647077373088
train,4,57,0.5262132603073684
train,4,58,0.684949004827946
train,4,59,0.38577124203743063
train,4,60,0.4740955372241402
train,4,61,0.7063429623003572
train,4,62,0.6267534237493358
train,4,63,0.3372590894218258
train,4,64,0.5225383002474153
train,4,65,0.4866966315440381
train,4,66,0.44368517406178654
train,4,67,0.30679097516469805
train,4,68,0.5555012319081579
train,4,69,0.4797977980465704
train,4,70,0.5320550106955236
train,4,71,0.6524244971446143
train,4,72,0.454817849255045
train,4,73,0.3700621236464267
train,4,74,0.4066986213521073
train,4,75,0.5276761029721642
train,4,76,0.3867793114924577
train,4,77,0.49656110084451177
train,4,78,0.4296150810609065
train,4,79,0.589761518136318
train,4,80,0.5618274604961238
train,4,81,0.4481303268956876
train,4,82,0.5551514638970468
train,4,83,0.5611146922403688
train,4,84,0.49129014002837845
train,4,85,0.48129665413183786
train,4,86,0.3856329552739505
train,4,87,0.4261383016008822
train,4,88,0.44854297485919936
train,4,89,0.7400809497781069
train,4,90,0.30026347316917745
train,4,91,0.6118736149389894
train,4,92,0.5482978220978763
train,4,93,0.3583571676784185
train,4,94,0.38811092040975154
train,4,95,0.6444983217546507
train,4,96,0.48252492380155165
train,4,97,0.4840939403298663
train,4,98,0.4622980960740871
train,4,99,0.4215836534283003
train,4,100,0.5687552294380956
train,4,101,0.38464849156023845
train,4,102,0.378126834272789
train,4,103,0.3517988069936396
train,4,104,0.44712624677261137
train,4,105,0.42442825880556806
train,4,106,0.42991064214505387
train,4,107,0.6573282270277678
train,4,108,0.5796682500775969
train,4,109,0.4049682843062098
train,4,110,0.7109740868937522
train,4,111,0.32109843853199815
train,4,112,0.5624119053160034
train,4,113,0.5650446087722043
train,4,114,0.42491020299454174
train,4,115,0.30828470884209935
train,4,116,0.44760079353010657
train,4,117,0.3004478655900418
train,4,118,0.3115119924361947
train,4,119,0.4903428665814137
train,4,120,0.3707576105632242
train,4,121,0.6427126282683376
train,4,122,0.41216260073917566
train,4,123,0.4826053062210466
train,4,124,0.5485805601237768
train,4,125,0.4622521701484841
train,4,126,0.4644457854626596
train,4,127,0.48696170346246537
train,4,128,0.3745633511133417
train,4,129,0.42610818952299667
train,4,130,0.3146577136828045
train,4,131,0.4172735209038738
train,4,132,0.5744432630440094
train,4,133,0.44970689313852213
train,4,134,0.39725549383695424
train,4,135,0.4529774604793575
train,4,136,0.53036110908032
train,4,137,0.34658117544601974
train,4,138,0.5184587502515164
train,4,139,0.5750333893358148
train,4,140,0.6285803068169734
train,4,141,0.4820687588339785
train,4,142,0.33464421310519743
train,4,143,0.5681216313059105
train,4,144,0.4612103892644046
train,4,145,0.5012750491691511
train,4,146,0.51140531615008
train,4,147,0.45582629316326645
train,4,148,0.49362354747556675
train,4,149,0.4119609112568729
train,4,150,0.39427997988506513
train,4,151,0.49828516269501716
train,4,152,0.5535822307679169
train,4,153,0.5890337887100545
train,4,154,0.5610452621819685
train,4,155,0.44324664039632655
train,4,156,0.29917924542739394
train,4,157,0.52866955472983
train,4,158,0.4271578197002192
train,4,159,0.2870252036638631
train,4,160,0.45546148166909495
train,4,161,0.5772788174940274
train,4,162,0.4221349261324837
train,4,163,0.27264247489363325
train,4,164,0.38358718967996425
train,4,165,0.3277008504603969
train,4,166,0.7869449495119764
train,4,167,0.5993770051492308
train,4,168,0.3139105368158299
train,4,169,0.37009691814520473
train,4,170,0.5430816807382919
train,4,171,0.5109643482759354
train,4,172,0.5816298069556656
train,4,173,0.5016413782922218
train,4,174,0.485648565346637
train,4,175,0.5872056101033705
train,4,176,0.38896882651282305
train,4,177,0.3086112874075536
train,4,178,0.8092770727057417
train,4,179,0.4406228701579131
train,4,180,0.3022571425838332
train,4,181,0.51661356092821
train,4,182,0.48962264695012836
train,4,183,0.5119268279569545
train,4,184,0.7010101112709822
train,4,185,0.4346555165858206
train,4,186,0.394779763957816
train,4,187,0.3895643512815676
train,4,188,0.3958893807383772
train,4,189,0.3617905724888217
train,4,190,0.5107984055685578
train,4,191,0.48913035068256755
train,4,192,0.3744234926740228
train,4,193,0.7993499155109575
train,4,194,0.48465382215546293
train,4,195,0.6675925993771843
train,4,196,0.40065929086824903
train,4,197,0.5077029591622076
train,4,198,0.3305098343685212
train,4,199,0.26545389674616804
train,4,200,0.36854769186992037
train,4,201,0.579358037433026
train,4,202,0.3957176009546942
train,4,203,0.40480926673594003
train,4,204,0.3672560894204663
train,4,205,0.45788010894637415
train,4,206,0.5621533016710347
train,4,207,0.46356995608786034
train,4,208,0.4416500270267661
train,4,209,0.662577296184027
train,4,210,0.46660861397766396
train,4,211,0.4693081291936495
train,4,212,0.5422534029179243
train,4,213,0.5700462413850556
train,4,214,0.3413210828758514
train,4,215,0.46737611204317003
train,4,216,0.4118167543779253
train,4,217,0.32162286331364087
train,4,218,0.6591831344438592
train,4,219,0.384304910192966
train,4,220,0.37555023321209924
train,4,221,0.29935681609825493
train,4,222,0.4593393019838187
train,4,223,0.48814824519675687
train,4,224,0.6107593978599299
train,4,225,0.49245131559274813
train,4,226,0.28237119790681614
train,4,227,0.4644202233549113
train,4,228,0.4592359414716992
train,4,229,0.42420432498866645
train,4,230,0.6209768829039464
train,4,231,0.7212138622983285
train,4,232,0.3777726723284084
train,4,233,0.37210818944504087
train,4,234,0.6565467367704192
train,4,235,0.5261629803824573
train,4,236,0.4265261551223339
train,4,237,0.34152531801595887
train,4,238,0.52438221929762
train,4,239,0.5372673095102162
train,4,240,0.5273764402093513
train,4,241,0.5347416738595596
train,4,242,0.574972702979566
train,4,243,0.34420139181801096
train,4,244,0.5165865591064536
train,4,245,0.6147723034530143
train,4,246,0.3802618339831398
train,4,247,0.4166634401243305
train,4,248,0.5486285823419181
train,4,249,0.33447945773682475
train,4,250,0.5099725168461193
train,4,251,0.4161940962375561
train,4,252,0.3329707103658746
train,4,253,0.4797081566537671
train,4,254,0.3962541328618544
train,4,255,0.4279910696067346
train,4,256,0.698793111962237
train,4,257,0.38140740819295016
train,4,258,0.5463461408360623
train,4,259,0.42132320843224513
train,4,260,0.3877535637518871
train,4,261,0.5668630899243856
train,4,262,0.4818430401617503
train,4,263,0.4123668088545489
train,4,264,0.5339507735465485
train,4,265,0.4932943250728282
train,4,266,0.5796198036267102
train,4,267,0.662801912211012
train,4,268,0.297017215523098
train,4,269,0.43127807510570443
train,4,270,0.6801884348224472
train,4,271,0.49460520686249326
train,4,272,0.4813258273483044
train,4,273,0.4554210114136896
train,4,274,0.465932055547037
train,4,275,0.5337307030898967
train,4,276,0.5193703326345205
train,4,277,0.36636835436424403
train,4,278,0.27866329512538146
train,4,279,0.39155424502027353
train,4,280,0.3292194366387218
train,4,281,0.38759106592318715
train,4,282,0.4629084322508705
train,4,283,0.4928216040004307
train,4,284,0.7265447701609108
train,4,285,0.4890839923369863
train,4,286,0.42987991509327894
train,4,287,0.41537401049760725
train,4,288,0.5835916490043624
train,4,289,0.32612768374712753
train,4,290,0.5741854090311043
train,4,291,0.3236904697608501
train,4,292,0.5998164965623458
train,4,293,0.3847145544072372
train,4,294,0.36461617867834684
train,4,295,0.3982975433093771
train,4,296,0.3047551240960072
train,4,297,0.4405431523135987
train,4,298,0.3921898148755285
train,4,299,0.2652403717109166
train,4,300,0.4719303412535544
train,4,301,0.6445990909680597
train,4,302,0.529267411074209
train,4,303,0.5763673389143695
train,4,304,0.4017771254122178
train,4,305,0.5329202244152617
train,4,306,0.40306354918981174
train,4,307,0.332820361444254
train,4,308,0.5336327876593331
train,4,309,0.6098338309958167
train,4,310,0.47852586862671054
train,4,311,0.282835826569994
train,4,312,0.3991493577050507
train,4,313,0.8149355580881754
train,4,314,0.36537753286900115
train,4,315,0.36208904031849487
train,4,316,0.39467071711049906
train,4,317,0.3355330342258883
train,4,318,0.6966738879321333
train,4,319,0.34184447066677914
train,4,320,0.6317307238340315
train,4,321,0.5644647340686171
train,4,322,0.3240781473846619
train,4,323,0.48389435912586964
train,4,324,0.3828043888654231
train,4,325,0.3565787106788521
train,4,326,0.3769809801186248
train,4,327,0.38662320433744046
train,4,328,0.6515095952065607
train,4,329,0.25670892196302614
train,4,330,0.46299720363809294
train,4,331,0.46705899994427597
train,4,332,0.31045049549838477
train,4,333,0.33289777745314
train,4,334,0.41953390517030853
train,4,335,0.4330546249935534
train,4,336,0.633214244769653
train,4,337,0.6177792007043305
train,4,338,0.3795590580357224
train,4,339,0.5012415190874273
train,4,340,0.25849722023137434
train,4,341,0.5064839746003853
train,4,342,0.38997194770497434
train,4,343,0.29412169452402226
train,4,344,0.6073240317961435
train,4,345,0.34027525295068295
train,4,346,0.2933733140723077
train,4,347,0.3213951851722172
train,4,348,0.578618362238526
train,4,349,0.3574589812553223
train,4,350,0.36111891308982313
train,4,351,0.6485569768475996
train,4,352,0.49813677463351996
train,4,353,0.2891170169842874
train,4,354,0.6134081094734302
train,4,355,0.6272351951289259
train,4,356,0.46697428152076903
train,4,357,0.5191519653460028
train,4,358,0.3010810727491851
train,4,359,0.6605673580891194
train,4,360,0.5502076252335262
train,4,361,0.40340841308310377
train,4,362,0.5128499754159507
train,4,363,0.4213307668690004
train,4,364,0.2614874532046882
train,4,365,0.3974546378997098
train,4,366,0.4812230242510296
train,4,367,0.5235647198902884
train,4,368,0.4576383825012407
train,4,369,0.38349442709948156
train,4,370,0.323398002585758
train,4,371,0.4955646870806641
train,4,372,0.3939711795522104
train,4,373,0.4511835829998405
train,4,374,0.5797419685278442
train,4,375,0.5363143160269959
train,4,376,0.6289451171595342
train,4,377,0.6904688070599786
train,4,378,0.482704601944553
train,4,379,0.46153355023968
train,4,380,0.3889463750455415
train,4,381,0.49179409583346273
train,4,382,0.5548766554787987
train,4,383,0.4839071391158459
train,4,384,0.434267008714795
train,4,385,0.4640522758002425
train,4,386,0.3642473904364125
train,4,387,0.6256155369934318
train,4,388,0.6110223923157625
train,4,389,0.30097771750951485
train,4,390,0.4597408949059846
train,4,391,0.47678961649951146
train,4,392,0.5922093835880609
train,4,393,0.5229662104232993
train,4,394,0.3821357757375725
train,4,395,0.6430228484920569
train,4,396,0.24660905699686683
train,4,397,0.3581864721479411
train,4,398,0.3668164893294164
train,4,399,0.37883254385993326
train,4,400,0.442198150789581
train,4,401,0.27293116692277763
train,4,402,0.4746937355556793
train,4,403,0.7228766578115725
train,4,404,0.4710843006189426
train,4,405,0.46306691610920414
train,4,406,0.3671664056847038
train,4,407,0.3263586429677319
train,4,408,0.4536839099321316
train,4,409,0.41566365896522683
train,4,410,0.4800039591536762
train,4,411,0.3690925841619056
train,4,412,0.609359165694004
train,4,413,0.4785279924576889
train,4,414,0.40813918645385205
train,4,415,0.4160131023735545
train,4,416,0.38465711001945746
train,4,417,0.4084193952034051
train,4,418,0.46570649006727005
train,4,419,0.40866834107313477
train,4,420,0.5268767059755441
train,4,421,0.46955475728400553
train,4,422,0.6671675398547338
train,4,423,0.3767913946707308
train,4,424,0.5058646303354398
train,4,425,0.4918573852630608
train,4,426,0.5419255768812062
train,4,427,0.2831697847149042
train,4,428,0.43722470118818835
train,4,429,0.3955100394416994
train,4,430,0.5154040833474425
train,4,431,0.4836855895481142
train,4,432,0.5642770469544012
train,4,433,0.2738679302218461
train,4,434,0.6494942727627875
train,4,435,0.6542262782342099
train,4,436,0.3763501629436597
train,4,437,0.3778989736249049
train,4,438,0.4846742224306705
train,4,439,0.3638544739880909
train,4,440,0.6240635713994076
train,4,441,0.4280929707907972
train,4,442,0.35224805372331813
train,4,443,0.34501873565137875
train,4,444,0.3987148973324398
train,4,445,0.7405469158596993
train,4,446,0.43056298143557364
train,4,447,0.9172306923037661
train,4,448,0.4829371799053309
train,4,449,0.7255506133407992
train,4,450,0.5708756426895185
train,4,451,0.4451800855721379
train,4,452,0.4498207041897524
train,4,453,0.5395655955474112
train,4,454,0.5884259560932692
train,4,455,0.5066511135789226
train,4,456,0.3301349313348255
train,4,457,0.5520437698084255
train,4,458,0.41444639711617154
train,4,459,0.382822544358452
train,4,460,0.3541412102813677
train,4,461,0.5687506371989147
train,4,462,0.5551359823739109
train,4,463,0.37992841560013046
train,4,464,0.36523979075869056
train,4,465,0.5948175531722271
train,4,466,0.5463897214330835
train,4,467,0.5029825400089936
train,4,468,0.43701593812991124
train,4,469,0.41917986271174634
train,4,470,0.594124580232237
train,4,471,0.5816880385764861
train,4,472,0.47259944352513095
train,4,473,0.474480253869412
train,4,474,0.49423850403964853
train,4,475,0.49953838239408416
train,4,476,0.35015627197071186
train,4,477,0.4221947534272749
train,4,478,0.2831750776992278
train,4,479,0.45115618130888624
train,4,480,0.5708560382514571
train,5,1,0.49622342877641334
train,5,2,0.4323237198526573
train,5,3,0.3953243246717539
train,5,4,0.37696392515225224
train,5,5,0.39573064076100695
train,5,6,0.19971426163848255
train,5,7,0.44369808071921224
train,5,8,0.4026847406278059
train,5,9,0.4448678170572264
train,5,10,0.27740305206203086
train,5,11,0.6530665882653786
train,5,12,0.5527804054401978
train,5,13,0.39319040569696323
train,5,14,0.44613532354399354
train,5,15,0.4483164539907785
train,5,16,0.34601560654091523
train,5,17,0.352863605987003
train,5,18,0.3642014109387186
train,5,19,0.7258669897047373
train,5,20,0.4568604791098547
train,5,21,0.4907440252231255
train,5,22,0.3218068325533965
train,5,23,0.4782408450293687
train,5,24,0.3860644032806131
train,5,25,0.42939326521561394
train,5,26,0.6169030301317119
train,5,27,0.4784277304906954
train,5,28,0.38501595797427857
train,5,29,0.3930693852034451
train,5,30,0.5755480680078051
train,5,31,0.5303641270811318
train,5,32,0.46132593191328347
train,5,33,0.46784160781574585
train,5,34,0.3564751422011967
train,5,35,0.5590078005670511
train,5,36,0.43164426716158477
train,5,37,0.4614598740219447
train,5,38,0.5283213604335015
train,5,39,0.43850956926585777
train,5,40,0.6327072978553918
train,5,41,0.3877584547992931
train,5,42,0.3351919510351252
train,5,43,0.5385132575794759
train,5,44,0.43613731132356925
train,5,45,0.39865272159432646
train,5,46,0.5616475391894769
train,5,47,0.3567842269149262
train,5,48,0.5503117510602077
train,5,49,0.3649061379592373
train,5,50,0.40486682071044044
train,5,51,0.6416373915924716
train,5,52,0.5338953688094501
train,5,53,0.533236467575852
train,5,54,0.5149036508091176
train,5,55,0.35955158243032503
train,5,56,0.4506470356908913
train,5,57,0.4381963635848937
train,5,58,0.4216844595409758
train,5,59,0.5765234500365879
train,5,60,0.4098492282829075
train,5,61,0.5076296156714319
train,5,62,0.3911712819925961
train,5,63,0.5632878949547353
train,5,64,0.39493415732742
train,5,65,0.5794160838758303
train,5,66,0.42407859029965655
train,5,67,0.5792563284809789
train,5,68,0.3553713301441597
train,5,69,0.4364078128268293
train,5,70,0.4283405826635126
train,5,71,0.4299201283024683
train,5,72,0.5115012168704332
train,5,73,0.545139173774073
train,5,74,0.5640682299413109
train,5,75,0.25623487564543573
train,5,76,0.5162682960486937
train,5,77,0.5036182921733088
train,5,78,0.31717208339259517
train,5,79,0.4846390067918355
train,5,80,0.505145703737825
train,5,81,0.3757562711865563
train,5,82,0.31087068064627466
train,5,83,0.3971953624187071
train,5,84,0.47791304415472957
train,5,85,0.5890277934514064
train,5,86,0.42113892501681277
train,5,87,0.4649638164412433
train,5,88,0.4057207425814383
train,5,89,0.5920229628145142
train,5,90,0.43172180223745976
train,5,91,0.3673066121337232
train,5,92,0.5457017434717524
train,5,93,0.49069848640133945
train,5,94,0.41064947603228596
train,5,95,0.5416369639522823
train,5,96,0.33343083657056183
train,5,97,0.4158973389299081
train,5,98,0.4584863782489608
train,5,99,0.5568787399041928
train,5,100,0.39013835909303385
train,5,101,0.8269715282089896
train,5,102,0.4730937447429984
train,5,103,0.3529650255622855
train,5,104,0.4127825658781173
train,5,105,0.417304490730783
train,5,106,0.3572654476508664
train,5,107,0.48953681750180345
train,5,108,0.5629661233320709
train,5,109,0.4095717364142225
train,5,110,0.3266469394698924
train,5,111,0.35876529171614446
train,5,112,0.7246836088913133
train,5,113,0.4216984357533715
train,5,114,0.4675379693383007
train,5,115,0.47723199597787846
train,5,116,0.4129401513264037
train,5,117,0.45841083611498845
train,5,118,0.5253717448564272
train,5,119,0.45448638192084456
train,5,120,0.3000006568842641
train,5,121,0.5466262992477054
train,5,122,0.47852790728357275
train,5,123,0.6167216494900672
train,5,124,0.45717814739682494
train,5,125,0.3909193923610639
train,5,126,0.3438633728892171
train,5,127,0.47900359148466554
train,5,128,0.42099237502469794
train,5,129,0.42924987765778705
train,5,130,0.339484842641756
train,5,131,0.5598419921404298
train,5,132,0.4858670583713214
train,5,133,0.4507732435920141
train,5,134,0.5176873927805388
train,5,135,0.6088804716571021
train,5,136,0.4274286659868496
train,5,137,0.3636261780019333
train,5,138,0.392561985488436
train,5,139,0.3952637392595853
train,5,140,0.5301412604725304
train,5,141,0.49604284126402154
train,5,142,0.40271817630297063
train,5,143,0.4332023450203128
train,5,144,0.5622388682837043
train,5,145,0.5410411443295058
train,5,146,0.374481287191964
train,5,147,0.3934394272044611
train,5,148,0.5837122054447149
train,5,149,0.3779454717820667
train,5,150,0.47279001360415507
train,5,151,0.4698772828286806
train,5,152,0.45098771456345643
train,5,153,0.46901567214586887
train,5,154,0.2700276178634028
train,5,155,0.5965900720055577
train,5,156,0.3886498913477417
train,5,157,0.4449011999241719
train,5,158,0.31810681203287017
train,5,159,0.6031743638358569
train,5,160,0.4388718824520063
train,5,161,0.4920599818989633
train,5,162,0.3753279520667794
train,5,163,0.3542843628343224
train,5,164,0.6152251856522644
train,5,165,0.3497447625991197
train,5,166,0.568321407704342
train,5,167,0.6293751961368058
train,5,168,0.5854962172885703
train,5,169,0.3869476654867751
train,5,170,0.6086989899587412
train,5,171,0.5035180000862906
train,5,172,0.4767835517600586
train,5,173,0.6896902832672946
train,5,174,0.5297808398065242
train,5,175,0.47430964527542385
train,5,176,0.49459137918221013
train,5,177,0.45058324324750687
train,5,178,0.4894448339733527
train,5,179,0.40481034684323264
train,5,180,0.4029592452466009
train,5,181,0.3955686880297397
train,5,182,0.5008970619481633
train,5,183,0.3135964653251133
train,5,184,0.37157769998199935
train,5,185,0.4120010257730863
train,5,186,0.4695159428508743
train,5,187,0.4763442604676692
train,5,188,0.3472554941331218
train,5,189,0.270874737392955
train,5,190,0.3999995440376629
train,5,191,0.2945356056727363
train,5,192,0.44573966307385454
train,5,193,0.4043895172236911
train,5,194,0.5087028089923751
train,5,195,0.2995057502834202
train,5,196,0.39309128335451515
train,5,197,0.364083668011383
train,5,198,0.48815753998932643
train,5,199,0.4452337267331184
train,5,200,0.4305874280532141
train,5,201,0.38309640693602387
train,5,202,0.5324476913898049
train,5,203,0.5885673649946662
train,5,204,0.4772332956169748
train,5,205,0.7931714973005399
train,5,206,0.7468585888643475
train,5,207,0.5150580649919921
train,5,208,0.5559592842355727
train,5,209,0.4902006567323636
train,5,210,0.4100280015304572
train,5,211,0.6018243626335655
train,5,212,0.5567860910871412
train,5,213,0.5664785063677521
train,5,214,0.4462329206307894
train,5,215,0.5755124638252082
train,5,216,0.5619989092840479
train,5,217,0.5472558412375478
train,5,218,0.6353722171657992
train,5,219,0.4142811050919173
train,5,220,0.39304735329478846
train,5,221,0.5535954180922249
train,5,222,0.578775411133959
train,5,223,0.6169854306222415
train,5,224,0.35111400757930555
train,5,225,0.40563652872308276
train,5,226,0.4814315474228016
train,5,227,0.46363335982229414
train,5,228,0.6001154917885063
train,5,229,0.5163622153272114
train,5,230,0.5435560382553796
train,5,231,0.48279813515010633
train,5,232,0.5363046735286404
train,5,233,0.6893244242614182
train,5,234,0.4373897914879859
train,5,235,0.6002280150168514
train,5,236,0.5476043144656035
train,5,237,0.6137730622212542
train,5,238,0.7668199347208313
train,5,239,0.35947968006315295
train,5,240,0.4097892142148697
train,5,241,0.5573914290575354
train,5,242,0.4033767357924376
train,5,243,0.5126171181269081
train,5,244,0.540550665669464
train,5,245,0.40111063182971385
train,5,246,0.48154799584820435
train,5,247,0.46081188636119463
train,5,248,0.5248507084328695
train,5,249,0.5390845045915693
train,5,250,0.5624339326512767
train,5,251,0.626318399285602
train,5,252,0.8458490635310022
train,5,253,0.43649536626695096
train,5,254,0.4348248856633182
train,5,255,0.6255188975906018
train,5,256,0.3781255997103943
train,5,257,0.39081061644462567
train,5,258,0.4040100016330498
train,5,259,0.41674360490089174
train,5,260,0.42231675503718324
train,5,261,0.44859419207356643
train,5,262,0.5022298166681491
train,5,263,0.4155002815365849
train,5,264,0.4274175187001705
train,5,265,0.3624468217746939
train,5,266,0.5423571264658006
train,5,267,0.3616058066871308
train,5,268,0.6023827080212207
train,5,269,0.5264656540280312
train,5,270,0.5815311381525181
train,5,271,0.41247880078821325
train,5,272,0.47084683134711136
train,5,273,0.5707845921587645
train,5,274,0.3676181518903072
train,5,275,0.42842050017579786
train,5,276,0.5080350358786555
train,5,277,0.44932982780612585
train,5,278,0.8517596009193806
train,5,279,0.5488213722963526
train,5,280,0.3082878166952072
train,5,281,0.5551887125946118
train,5,282,0.313575600363729
train,5,283,0.5596323327953558
train,5,284,0.5230098684411464
train,5,285,0.30401565632105754
train,5,286,0.5158478708985432
train,5,287,0.5231815833051292
train,5,288,0.5862182593831868
train,5,289,0.42548254105681194
train,5,290,0.405122473856274
train,5,291,0.4511142662290887
train,5,292,0.6109890902019249
train,5,293,0.41908161865715604
train,5,294,0.27785613258248704
train,5,295,0.533945824003515
train,5,296,0.5415094197091341
train,5,297,0.625834260274281
train,5,298,0.4328076385596312
train,5,299,0.4075436567019945
train,5,300,0.3743195187502035
train,5,301,0.36149136686505046
train,5,302,0.482380469684746
train,5,303,0.42127009288417905
train,5,304,0.42123193677535276
train,5,305,0.6662389161671505
train,5,306,0.3394789162375938
train,5,307,0.4020617417772889
train,5,308,0.4968313448317515
train,5,309,0.4460538018783147
train,5,310,0.46069367556773544
train,5,311,0.5009441532961902
train,5,312,0.48787403237175314
train,5,313,0.3667982614962081
train,5,314,0.34323475764770073
train,5,315,0.36633956981000426
train,5,316,0.5810395172998766
train,5,317,0.3349066089818164
train,5,318,0.3061179295505286
train,5,319,0.547117238621921
train,5,320,0.4342823031846673
train,5,321,0.4198739337117494
train,5,322,0.45659120187605806
train,5,323,0.43763366933389863
train,5,324,0.5916797297414638
train,5,325,0.5104956167515745
train,5,326,0.32509721096265376
train,5,327,0.45110347072614165
train,5,328,0.5497465016524545
train,5,329,0.3057168684902677
train,5,330,0.5235084598612175
train,5,331,0.4337423669696987
train,5,332,0.32051910209203094
train,5,333,0.49944662800311157
train,5,334,0.34098977876455616
train,5,335,0.8159461957059809
train,5,336,0.28901582695758504
train,5,337,0.3995381674991981
train,5,338,0.5298217468272928
train,5,339,0.36381780925472085
train,5,340,0.449252790356065
train,5,341,0.4780683285662384
train,5,342,0.45122840154125493
train,5,343,0.33936525115659577
train,5,344,0.4089860648123471
train,5,345,0.4698355220226188
train,5,346,0.48628049754176617
train,5,347,0.3402363767342029
train,5,348,0.547866941502045
train,5,349,0.35793260269369775
train,5,350,0.5193308300381145
train,5,351,0.42272728346976707
train,5,352,0.47974578067126583
train,5,353,0.5201870806271245
train,5,354,0.49958859045045256
train,5,355,0.5400798693706544
train,5,356,0.4743823575341448
train,5,357,0.6053567942006322
train,5,358,0.5875910657394159
train,5,359,0.4464440877520763
train,5,360,0.39383408564699807
train,5,361,0.36796349606320355
train,5,362,0.48632666435210486
train,5,363,0.5175168642906102
train,5,364,0.7409618096061779
train,5,365,0.3547609016771729
train,5,366,0.3645831893281642
train,5,367,0.4420515168974862
train,5,368,0.5649942224641116
train,5,369,0.48994868720861473
train,5,370,0.4113461839367196
train,5,371,0.4390743088145308
train,5,372,0.43204386022597485
train,5,373,0.33027646147894774
train,5,374,0.5447262727738804
train,5,375,0.4774232753344464
train,5,376,0.40161902731892946
train,5,377,0.48610426192734
train,5,378,0.6466876693654238
train,5,379,0.41591983025942625
train,5,380,0.3831910546720577
train,5,381,0.4395809210174536
train,5,382,0.4273631850818961
train,5,383,0.4384582272441548
train,5,384,0.3947418155885176
train,5,385,0.5808657507252756
train,5,386,0.39363359298709316
train,5,387,0.3951805253564882
train,5,388,0.48584402935934373
train,5,389,0.4649135373647157
train,5,390,0.5751343267752025
train,5,391,0.3094658259683227
train,5,392,0.5104525801062441
train,5,393,0.4699954043980061
train,5,394,0.5344166838744888
train,5,395,0.44764597794698435
train,5,396,0.4429300433521004
train,5,397,0.5111415855171473
train,5,398,0.36068350429641394
train,5,399,0.4882829612922077
train,5,400,0.6511337306756917
train,5,401,0.7868645073054
train,5,402,0.49237158399288666
train,5,403,0.47702204699407746
train,5,404,0.4346855665947455
train,5,405,0.5008313365082862
train,5,406,0.5516659529356558
train,5,407,0.48142733560563844
train,5,408,0.4019614118427044
train,5,409,0.39087639369243654
train,5,410,0.40594434816971153
train,5,411,0.5667599030649461
train,5,412,0.33672314642325685
train,5,413,0.32363969182942354
train,5,414,0.4735434916591619
train,5,415,0.3713438228655724
train,5,416,0.2891350320859297
train,5,417,0.5431869958441666
train,5,418,0.6481172713980381
train,5,419,0.30325986896637064
train,5,420,0.6976743770359939
train,5,421,0.2814263605953772
train,5,422,0.538416287017141
train,5,423,0.36823532937679004
train,5,424,0.4007738421477768
train,5,425,0.3836518335366028
train,5,426,0.42849612365708917
train,5,427,0.4042409707587291
train,5,428,0.48678394147993276
train,5,429,0.458232970281102
train,5,430,0.4161650581305825
train,5,431,0.36813516533396873
train,5,432,0.5366791212181804
train,5,433,0.43887462242652286
train,5,434,0.4890034610811009
train,5,435,0.3545614861917199
train,5,436,0.447926961220291
train,5,437,0.41396271702940646
train,5,438,0.570614097533997
train,5,439,0.4103936775418202
train,5,440,0.37796333553084926
train,5,441,0.4047522115785039
train,5,442,0.44470866755811267
train,5,443,0.6473847701719295
train,5,444,0.5191495865084909
train,5,445,0.40783397220119844
train,5,446,0.307341520443856
train,5,447,0.546310694625601
train,5,448,0.5033521858599106
train,5,449,0.3694488851142702
train,5,450,0.4905980041993986
train,5,451,0.40556360633417543
train,5,452,0.4938052540481435
train,5,453,0.32334049045694896
train,5,454,0.36044545380260506
train,5,455,0.6815183198649073
train,5,456,0.3961075097341549
train,5,457,0.536299210920168
train,5,458,0.38090690301427865
train,5,459,0.6434030748021703
train,5,460,0.4241360601840329
train,5,461,0.5701490492906571
train,5,462,0.6278623901662237
train,5,463,0.3615215977325743
train,5,464,0.6107992830433131
train,5,465,0.39278098454420923
train,5,466,0.37154526656193254
train,5,467,0.6625768912213318
train,5,468,0.38462331255689136
train,5,469,0.49364057381782867
train,5,470,0.7298395410110814
train,5,471,0.544207890862026
train,5,472,0.4250730646477915
train,5,473,0.4723994902281971
train,5,474,0.4588986042211454
train,5,475,0.32323503731511277
train,5,476,0.4321082885902299
train,5,477,0.3872924960241616
train,5,478,0.3510419112089411
train,5,479,0.49110272836995467
train,5,480,0.42635650530249747
train,6,1,0.30896698321353044
train,6,2,0.678248125649778
train,6,3,0.4524328622518868
train,6,4,0.2921813203470868
train,6,5,0.5351922337794028
train,6,6,0.595947204949719
train,6,7,0.5574734904984447
train,6,8,0.5127213498356006
train,6,9,0.35530994638696844
train,6,10,0.5045035320046714
train,6,11,0.5893865902710792
train,6,12,0.3167977119386185
train,6,13,0.4206419863220958
train,6,14,0.35666392134533065
train,6,15,0.3136022829993709
train,6,16,0.3457456558441746
train,6,17,0.5823987541325798
train,6,18,0.43696310010458383
train,6,19,0.5799152567033458
train,6,20,0.4363004815311436
train,6,21,0.35442898570452863
train,6,22,0.5017416145513955
train,6,23,0.43996026328356586
train,6,24,0.45948255732061516
train,6,25,0.374008245720431
train,6,26,0.4061736505451896
train,6,27,0.4654532790072884
train,6,28,0.5061040333873028
train,6,29,0.4128577697667221
train,6,30,0.5057405886912039
train,6,31,0.4118822106415181
train,6,32,0.44408851856381026
train,6,33,0.4475827629093604
train,6,34,0.4079140207154726
train,6,35,0.46011405685498635
train,6,36,0.5608423813150709
train,6,37,0.5234739730676663
train,6,38,0.44114889973867477
train,6,39,0.26091114113715047
train,6,40,0.31511698442767666
train,6,41,0.2999262990792651
train,6,42,0.3996529334706509
train,6,43,0.5533513759190947
train,6,44,0.3954716660872493
train,6,45,0.305272276295831
train,6,46,0.6538609872141719
train,6,47,0.354221258779367
train,6,48,0.4436065381021838
train,6,49,0.40332496098291865
train,6,50,0.43149464650220115
train,6,51,0.4943250204302152
train,6,52,0.41161647399159734
train,6,53,0.4507950405795718
train,6,54,0.4903053374761322
train,6,55,0.37879760410847424
train,6,56,0.39763925435252645
train,6,57,0.3980343118459707
train,6,58,0.30146408951782433
train,6,59,0.3290092084270074
train,6,60,0.4566117300052795
train,6,61,0.3631438720828184
train,6,62,0.46418183173259986
train,6,63,0.4805455458411273
train,6,64,0.5011326359953235
train,6,65,0.4857639260059445
train,6,66,0.4167671582299166
train,6,67,0.41102264219811113
train,6,68,0.35228684672409305
train,6,69,0.5917901781752817
train,6,70,0.3695038883888035
train,6,71,0.43720685983838187
train,6,72,0.43285863342032843
train,6,73,0.38285650311330194
train,6,74,0.4401521716550058
train,6,75,0.5136312702164192
train,6,76,0.5679453248679278
train,6,77,0.29427045231525795
train,6,78,0.5777437355730949
train,6,79,0.3926762306869035
train,6,80,0.6712534877503388
train,6,81,0.4719609482022778
train,6,82,0.3914385456722519
train,6,83,0.3721046247315758
train,6,84,0.52693301945463
train,6,85,0.5048324053777142
train,6,86,0.3863376856827424
train,6,87,0.4391704929367552
train,6,88,0.4817159865984283
train,6,89,0.3724474752317448
train,6,90,0.438216330316046
train,6,91,0.33275505733322397
train,6,92,0.4035525545973315
train,6,93,0.6382582895787148
train,6,94,0.42766163259439083
train,6,95,0.39282569335524986
train,6,96,0.49232404845718813
train,6,97,0.25045408020666454
train,6,98,0.4311052349729653
train,6,99,0.33541087476323017
train,6,100,0.441772563880663
train,6,101,0.4977492506316668
train,6,102,0.4854941681265471
train,6,103,0.5026442755349552
train,6,104,0.436104074309118
train,6,105,0.4388906269522963
train,6,106,0.3642679581839911
train,6,107,0.3608872996212443
train,6,108,0.5121228184489921
train,6,109,0.5159025370938259
train,6,110,0.28087425905470653
train,6,111,0.4193982986503393
train,6,112,0.3739380169767855
train,6,113,0.44767117538329915
train,6,114,0.5752458509104843
train,6,115,0.5407938010945971
train,6,116,0.30001478809133253
train,6,117,0.4679393857883384
train,6,118,0.3918242116640011
train,6,119,0.4100614019226832
train,6,120,0.3792478690903395
train,6,121,0.3701444299875365
train,6,122,0.3957283480002597
train,6,123,0.44112189506082383
train,6,124,0.3151456813584148
train,6,125,0.4254913674757448
train,6,126,0.46287007995527274
train,6,127,0.34017091606861166
train,6,128,0.2916955649283618
train,6,129,0.5448880961093021
train,6,130,0.4970802549755793
train,6,131,0.2637333464830931
train,6,132,0.49844895711039516
train,6,133,0.29023769717308195
train,6,134,0.3749993797176723
train,6,135,0.6114058804450241
train,6,136,0.4740502162120839
train,6,137,0.6773204534174136
train,6,138,0.36646898882368517
train,6,139,0.48829299882966026
train,6,140,0.544498789948723
train,6,141,0.5527445239489099
train,6,142,0.36572774987984247
train,6,143,0.33677856856577326
train,6,144,0.5054708744625542
train,6,145,0.5349154594229745
train,6,146,0.34146567193556865
train,6,147,0.3402796992951804
train,6,148,0.30468030265745916
train,6,149,0.3768060544106641
train,6,150,0.6663703379107708
train,6,151,0.3567785463704918
train,6,152,0.4594843560797512
train,6,153,0.44628023229395086
train,6,154,0.3651839152983237
train,6,155,0.5316817429379974
train,6,156,0.43436217414844164
train,6,157,0.4706714749516001
train,6,158,0.5013461841862821
train,6,159,0.56879835654176
train,6,160,0.4821674414069139
train,6,161,0.6110695306791768
train,6,162,0.4932965447467942
train,6,163,0.346797063944952
train,6,164,0.5267114836271923
train,6,165,0.517836039650676
train,6,166,0.6589624363101418
train,6,167,0.4149778385034972
train,6,168,0.5483703931929378
train,6,169,0.5003755138116028
train,6,170,0.4570911376725894
train,6,171,0.46215363793201986
train,6,172,0.6660645949319012
train,6,173,0.3092961248714823
train,6,174,0.5270120620993386
train,6,175,0.39417899999641226
train,6,176,0.37268312734733094
train,6,177,0.4329943513826503
train,6,178,0.5945859851842616
train,6,179,0.4642272084016985
train,6,180,0.369847535595364
train,6,181,0.7719936043491086
train,6,182,0.481367730703127
train,6,183,0.4355599010227124
train,6,184,0.4157739966997088
train,6,185,0.31829708159741976
train,6,186,0.7088755320065041
train,6,187,0.5606577256048901
train,6,188,0.3943098430745623
train,6,189,0.5083829614035204
train,6,190,0.4259310709996996
train,6,191,0.43171761333242775
train,6,192,0.24409484051957714
train,6,193,0.3188971294051183
train,6,194,0.6479125807300752
train,6,195,0.5040990345228702
train,6,196,0.47262137555964895
train,6,197,0.5357277148639712
train,6,198,0.36862180065785544
train,6,199,0.688257829876973
train,6,200,0.6262667924228482
train,6,201,0.4927863286692093
train,6,202,0.3635864830235549
train,6,203,0.5376132955367889
train,6,204,0.45416622830968156
train,6,205,0.5222349808339213
train,6,206,0.4072963264715184
train,6,207,0.3554884250038848
train,6,208,0.44819592008210096
train,6,209,0.30166099040406325
train,6,210,0.5750247284117238
train,6,211,0.5620619915386333
train,6,212,0.5163737257779633
train,6,213,0.5433706814404431
train,6,214,0.5051623424169921
train,6,215,0.24821242416536665
train,6,216,0.30353089976472425
train,6,217,0.4410545561726916
train,6,218,0.523995189839851
train,6,219,0.35484880814292485
train,6,220,0.47115280311958396
train,6,221,0.4508972236589682
train,6,222,0.3937507481641437
train,6,223,0.4746623602909139
train,6,224,0.4415672264658996
train,6,225,0.3469277631525025
train,6,226,0.36558243188775885
train,6,227,0.3799368817229798
train,6,228,0.22419305182648286
train,6,229,0.6792242177544044
train,6,230,0.5274739003341236
train,6,231,0.31437656237813216
train,6,232,0.7276833109344447
train,6,233,0.552605832613062
train,6,234,0.6200605938602977
train,6,235,0.3721709070068316
train,6,236,0.5201070041680257
train,6,237,0.2234808456674996
train,6,238,0.5751456550470171
train,6,239,0.419531880534494
train,6,240,0.3161666721569172
train,6,241,0.48016508735753616
train,6,242,0.5561918622460602
train,6,243,0.5340683063846183
train,6,244,0.5141107756778803
train,6,245,0.558475094243611
train,6,246,0.5109106419670266
train,6,247,0.4801186819027493
train,6,248,0.3806068392637808
train,6,249,0.6850673529743159
train,6,250,0.2908537772309465
train,6,251,0.49100781906950913
train,6,252,0.3682571525794628
train,6,253,0.36780868061195665
train,6,254,0.41730395025241757
train,6,255,0.28497400127888906
train,6,256,0.31945108832850855
train,6,257,0.7861597564212441
train,6,258,0.35015476586894917
train,6,259,0.45335298752824793
train,6,260,0.49674549293314973
train,6,261,0.44336826331241386
train,6,262,0.4304792040479464
train,6,263,0.3329207531454436
train,6,264,0.46863891704986155
train,6,265,0.5256380895330091
train,6,266,0.5968392079339669
train,6,267,0.5605159270149342
train,6,268,0.4276614244314215
train,6,269,0.5684014173142626
train,6,270,0.9431731247880961
train,6,271,0.4344140154400502
train,6,272,0.2997519989218316
train,6,273,0.39123859729145544
train,6,274,0.48477322513928267
train,6,275,0.3388083695637835
train,6,276,0.4776398209005085
train,6,277,0.43974921968697456
train,6,278,0.41286174006212073
train,6,279,0.43626893706593906
train,6,280,0.5663700980339094
train,6,281,0.3591517052932326
train,6,282,0.6275141424851836
train,6,283,0.44844945829118205
train,6,284,0.5723756097539925
train,6,285,0.49056191150822126
train,6,286,0.4189635677693545
train,6,287,0.4348116562590547
train,6,288,0.5045758621806744
train,6,289,0.5919965228926852
train,6,290,0.5780145477151704
train,6,291,0.4063750787476961
train,6,292,0.46395983027637694
train,6,293,0.7060906609681874
train,6,294,0.3428519201577459
train,6,295,0.21637321091747835
train,6,296,0.5310575315877752
train,6,297,0.4790841964234186
train,6,298,0.43354690141083246
train,6,299,0.5170493418144002
train,6,300,0.4643684532272432
train,6,301,0.5696354747623051
train,6,302,0.5469661618249774
train,6,303,0.43349683433693664
train,6,304,0.4463566309094976
train,6,305,0.52126339584542
train,6,306,0.5865882506795905
train,6,307,0.46973241361793133
train,6,308,0.31733850613611825
train,6,309,0.5437130425009642
train,6,310,0.5303329171334531
train,6,311,0.3976020040512521
train,6,312,0.4146894521925145
train,6,313,0.31056118712269465
train,6,314,0.5037953913838884
train,6,315,0.45717884638077777
train,6,316,0.4237316242678456
train,6,317,0.3210438233429407
train,6,318,0.5616541356087497
train,6,319,0.448383238014898
train,6,320,0.3813506428134851
train,6,321,0.5957085777963442
train,6,322,0.16945486996940123
train,6,323,0.4855726577060988
train,6,324,0.3866937084901709
train,6,325,0.3141451309167109
train,6,326,0.520215977254364
train,6,327,0.44873558749385084
train,6,328,0.4660352698187489
train,6,329,0.5216183660876367
train,6,330,0.4842708008126006
train,6,331,0.39976858897994744
train,6,332,0.49053368036326245
train,6,333,0.4245683864186389
train,6,334,0.2822097282642588
train,6,335,0.7402398541383832
train,6,336,0.6736678787268788
train,6,337,0.42546639334323855
train,6,338,0.6136395215948841
train,6,339,0.3387435148917826
train,6,340,0.43738157075665723
train,6,341,0.5514638302383529
train,6,342,0.36828323025243714
train,6,343,0.44865886800289095
train,6,344,0.5135493711376651
train,6,345,0.6492908969887276
train,6,346,0.6115227113913655
train,6,347,0.645759475204734
train,6,348,0.41565467956999236
train,6,349,0.47729767881505025
train,6,350,0.5503914884264363
train,6,351,0.4741639074084277
train,6,352,0.5714834043502908
train,6,353,0.24990045459371404
train,6,354,0.33211941329806427
train,6,355,0.5018059069795711
train,6,356,0.3571825346530485
train,6,357,0.38304281491728276
train,6,358,0.2961503095554619
train,6,359,0.3809664572377287
train,6,360,0.42257575625441457
train,6,361,0.4535551666137452
train,6,362,0.33235345267256533
train,6,363,0.4025189520588245
train,6,364,0.39130104900968987
train,6,365,0.4477052596551465
train,6,366,0.4997007434861237
train,6,367,0.48564966469356713
train,6,368,0.554181699301638
train,6,369,0.5296738177182732
train,6,370,0.42516011570129186
train,6,371,0.4201264544788704
train,6,372,0.4517128088291916
train,6,373,0.5292252998290351
train,6,374,0.5050896398385827
train,6,375,0.3939286911855283
train,6,376,0.6246870773087785
train,6,377,0.5700451735585363
train,6,378,0.5152915258823247
train,6,379,0.2971650005344196
train,6,380,0.5448231603554039
train,6,381,0.629009274059301
train,6,382,0.2585071085578666
train,6,383,0.4886015376494322
train,6,384,0.33491270830187386
train,6,385,0.5202449969807585
train,6,386,0.39714552394400426
train,6,387,0.4624178776103983
train,6,388,0.48212534360601245
train,6,389,0.5513173961992629
train,6,390,0.44045992552690816
train,6,391,0.4033760501942564
train,6,392,0.4277409015379501
train,6,393,0.5485192255224336
train,6,394,0.5744470217427209
train,6,395,0.48538611812261007
train,6,396,0.35717348495983403
train,6,397,0.6406715196605253
train,6,398,0.31844998816824993
train,6,399,0.39458277747871234
train,6,400,0.39305501835774803
train,6,401,0.33662150972067184
train,6,402,0.5318516006147256
train,6,403,0.38976556400861656
train,6,404,0.5694559787094946
train,6,405,0.25903702353059005
train,6,406,0.5758284692296588
train,6,407,0.4466295806938507
train,6,408,0.5102864803871567
train,6,409,0.3454490652914403
train,6,410,0.42049875743151843
train,6,411,0.4811587759483614
train,6,412,0.45043175605810143
train,6,413,0.5347746073787447
train,6,414,0.46351058213872764
train,6,415,0.39459245784557695
train,6,416,0.6837084492318024
train,6,417,0.5427606617661138
train,6,418,0.4500700978810876
train,6,419,0.42770231605573533
train,6,420,0.4780605646454787
train,6,421,0.5469536395595086
train,6,422,0.3773136329921539
train,6,423,0.4020339338093736
train,6,424,0.5497669651130725
train,6,425,0.448042573211629
train,6,426,0.41303236269081883
train,6,427,0.5690989255701019
train,6,428,0.3600662577986722
train,6,429,0.4437350860690795
train,6,430,0.5310967580490297
train,6,431,0.36275951266149564
train,6,432,0.5706140660273717
train,6,433,0.590762151888654
train,6,434,0.35766689524523576
train,6,435,0.31408076835655974
train,6,436,0.39145147021030013
train,6,437,0.48142419894019495
train,6,438,0.42151973591568226
train,6,439,0.5430178694428359
train,6,440,0.43012140420968814
train,6,441,0.4554786571904629
train,6,442,0.299258835080335
train,6,443,0.5980417337591463
train,6,444,0.3433607362335319
train,6,445,0.5841971448633655
train,6,446,0.4545732585741027
train,6,447,0.4202279898181813
train,6,448,0.3115714182850241
train,6,449,0.3959402322106962
train,6,450,0.4816772727157319
train,6,451,0.3462329055217758
train,6,452,0.3500325491640651
train,6,453,0.6763503672085791
train,6,454,0.3991937064621337
train,6,455,0.38195747782326417
train,6,456,0.404411314411519
train,6,457,0.509696813051703
train,6,458,0.33709742948266846
train,6,459,0.37590271345966686
train,6,460,0.23619814134301975
train,6,461,0.5694855455082919
train,6,462,0.5820939744233866
train,6,463,0.4039893527631857
train,6,464,0.5472324863367548
train,6,465,0.46292896369852704
train,6,466,0.6095923360294238
train,6,467,0.25370352975891874
train,6,468,0.5075420871050123
train,6,469,0.3945371146922352
train,6,470,0.46267763317905075
train,6,471,0.4308233824957683
train,6,472,0.5119895490745419
train,6,473,0.37780022237755573
train,6,474,0.4526770159097904
train,6,475,0.31057093354118526
train,6,476,0.4275175821737076
train,6,477,0.275892241732927
train,6,478,0.38383180832466035
train,6,479,0.43107084013026437
train,6,480,0.2855201568351811
train,7,1,0.3596848208540982
train,7,2,0.35977762111199646
train,7,3,0.3939352721290342
train,7,4,0.4619287492460792
train,7,5,0.36317334215916086
train,7,6,0.4360554060301676
train,7,7,0.37896553805870015
train,7,8,0.28553159994158983
train,7,9,0.4340913855268794
train,7,10,0.3778918926180379
train,7,11,0.44651717482348763
train,7,12,0.36997054760388864
train,7,13,0.33831064672460376
train,7,14,0.36025171652340054
train,7,15,0.5188702706639606
train,7,16,0.409591229866294
train,7,17,0.4392304212585969
train,7,18,0.34364405279512167
train,7,19,0.36158844067210855
train,7,20,0.6592100330630015
train,7,21,0.38364340834854094
train,7,22,0.5018315397023297
train,7,23,0.3346318487029286
train,7,24,0.4582723081612501
train,7,25,0.44878510171908015
train,7,26,0.3517202914706036
train,7,27,0.5162491770216351
train,7,28,0.35102352562318656
train,7,29,0.5344666300195582
train,7,30,0.3514720684047967
train,7,31,0.5343539788563284
train,7,32,0.9837151732855771
train,7,33,0.43883715520626504
train,7,34,0.33775737451506765
train,7,35,0.5232720634234681
train,7,36,0.3360056575962067
train,7,37,0.7111940547230557
train,7,38,0.43060358166293683
train,7,39,0.35698161340549744
train,7,40,0.5299493126779988
train,7,41,0.5510587171861222
train,7,42,0.7352756420946607
train,7,43,0.5194975552022996
train,7,44,0.3998430775090444
train,7,45,0.5686403579057013
train,7,46,0.42468761854388815
train,7,47,0.329788989666978
train,7,48,0.4981858637784763
train,7,49,0.3939960225044476
train,7,50,0.42802322407755133
train,7,51,0.5397170937417458
train,7,52,0.3140726641389696
train,7,53,0.39430400111481345
train,7,54,0.44271985127926666
train,7,55,0.3062566946853723
train,7,56,0.5103503043382474
train,7,57,0.31046592263299644
train,7,58,0.47789446082983705
train,7,59,0.4153993574257563
train,7,60,0.4945811518234352
train,7,61,0.4315129439272682
train,7,62,0.5532908367970043
train,7,63,0.4942733189107471
train,7,64,0.38149018275959523
train,7,65,0.2677864201632786
train,7,66,0.28893698267600176
train,7,67,0.4236603994948654
train,7,68,0.47067078314066646
train,7,69,0.4037583844799415
train,7,70,0.6469916561065812
train,7,71,0.35139728382827873
train,7,72,0.47238949346844356
train,7,73,0.42024118028030266
train,7,74,0.29797002078985496
train,7,75,0.5600248868143517
train,7,76,0.33399999366477173
train,7,77,0.5934818954054742
train,7,78,0.617447845374137
train,7,79,0.321934350714928
train,7,80,0.46200056040085646
train,7,81,0.5869432619955199
train,7,82,0.5781415089936751
train,7,83,0.27939409138567667
train,7,84,0.58003825423279
train,7,85,0.3743941077838784
train,7,86,0.45626644983903397
train,7,87,0.37681690658255595
train,7,88,0.28912804962580074
train,7,89,0.6079612840607188
train,7,90,0.5307173290158227
train,7,91,0.45288552504025464
train,7,92,0.40074126663247944
train,7,93,0.24543497409986975
train,7,94,0.39570203324762193
train,7,95,0.4939154514676598
train,7,96,0.3863527933176133
train,7,97,0.32170691613009866
train,7,98,0.4915300042196598
train,7,99,0.5598895290209998
train,7,100,0.4149520554425028
train,7,101,0.3785872392849402
train,7,102,0.7828510747312473
train,7,103,0.39383666880374735
train,7,104,0.45620462133604056
train,7,105,0.2890218025489178
train,7,106,0.3214535694582549
train,7,107,0.31684923374802587
train,7,108,0.4836612156153151
train,7,109,0.2636314548842795
train,7,110,0.4621026791188485
train,7,111,0.35333457956387015
train,7,112,0.46117371810617414
train,7,113,0.34526134354708593
train,7,114,0.39918574138341845
train,7,115,0.32015524975015563
train,7,116,0.42473018422555653
train,7,117,0.5584259357473967
train,7,118,0.4356482928252727
train,7,119,0.2716348790493429
train,7,120,0.4187478302222401
train,7,121,0.4811278197364124
train,7,122,0.3502958840884838
train,7,123,0.42921841972552766
train,7,124,0.49930368052322316
train,7,125,0.21518341977389607
train,7,126,0.3592774655390343
train,7,127,0.4390953973070505
train,7,128,0.3619162808628493
train,7,129,0.3454112711686931
train,7,130,0.367235673726443
train,7,131,0.4251601923976349
train,7,132,0.39158428168777987
train,7,133,0.4045934404400986
train,7,134,0.29515937078869714
train,7,135,0.46917896968491135
train,7,136,0.5697809795812205
train,7,137,0.3581841422364604
train,7,138,0.5847202621441713
train,7,139,0.8281610770381052
train,7,140,0.7439940155961995
train,7,141,0.43090507733449646
train,7,142,0.4612070092452145
train,7,143,0.41373970816522965
train,7,144,0.3099694490966934
train,7,145,0.6621271926615662
train,7,146,0.4766774844418822
train,7,147,0.452290825746517
train,7,148,0.5388298593990521
train,7,149,0.4255830717228031
train,7,150,0.6220424378210798
train,7,151,0.4573989547065527
train,7,152,0.33771758081248987
train,7,153,0.28292765078936705
train,7,154,0.4261042642148747
train,7,155,0.4079884371638929
train,7,156,0.31100484803103573
train,7,157,0.7160778324591858
train,7,158,0.515787700279184
train,7,159,0.36625264121798273
train,7,160,0.5433247917004589
train,7,161,0.3249020044206065
train,7,162,0.32113919768245314
train,7,163,0.28230314667925505
train,7,164,0.47154989626396515
train,7,165,0.4886932980337349
train,7,166,0.46982169236411875
train,7,167,0.45020218455030303
train,7,168,0.4049582177735433
train,7,169,0.4229696947539683
train,7,170,0.35256809952923696
train,7,171,0.3980037943579724
train,7,172,0.4647159310512609
train,7,173,0.37041455409693247
train,7,174,0.48136735947398396
train,7,175,0.48171951146430314
train,7,176,0.3056346030469336
train,7,177,0.520932273070684
train,7,178,0.360426504608932
train,7,179,0.7095818017389208
train,7,180,0.4701567676924306
train,7,181,0.3104784515001876
train,7,182,0.3778225428937663
train,7,183,0.2786044162988486
train,7,184,0.4190318794674919
train,7,185,0.4309454238001009
train,7,186,0.5825746709357943
train,7,187,0.3705880518335205
train,7,188,0.3367310883456901
train,7,189,0.41180647933202497
train,7,190,0.5615795801297581
train,7,191,0.32727713269899616
train,7,192,0.3525050471847755
train,7,193,0.6856090383101798
train,7,194,0.5258534765840442
train,7,195,0.44544027734560443
train,7,196,0.33555792360903713
train,7,197,0.5297802161680143
train,7,198,0.5270546252639592
train,7,199,0.5112082157785132
train,7,200,0.39969450256925887
train,7,201,0.4376629521763209
train,7,202,0.3247742465045976
train,7,203,0.4190252796418087
train,7,204,0.6138409717333956
train,7,205,0.37962705740827773
train,7,206,0.45647121661789375
train,7,207,0.39675790340359485
train,7,208,0.32380350620929704
train,7,209,0.3254761243417903
train,7,210,0.30229580518357924
train,7,211,0.6179061821704555
train,7,212,0.5366270041452508
train,7,213,0.388872577607374
train,7,214,0.5135538448809234
train,7,215,0.46858111173513456
train,7,216,0.3171649099050408
train,7,217,0.3305621677928625
train,7,218,0.4237665902737675
train,7,219,0.4954387316657738
train,7,220,0.36932113663009397
train,7,221,0.6623046591301381
train,7,222,0.822929605471091
train,7,223,0.5561472100185139
train,7,224,0.5628718620935078
train,7,225,0.4660555467058966
train,7,226,0.45938458587465325
train,7,227,0.2902997317826247
train,7,228,0.4836904207355962
train,7,229,0.6605658541515984
train,7,230,0.46076183582877916
train,7,231,0.5120180096492509
train,7,232,0.7183553302514799
train,7,233,0.32161379037221505
train,7,234,0.42674101475103315
train,7,235,0.4391737804095201
train,7,236,0.5896706548680668
train,7,237,0.5793725819835811
train,7,238,0.40482407189228964
train,7,239,0.5145716251919704
train,7,240,0.555488719949463
train,7,241,0.4613446867200324
train,7,242,0.49042399762933064
train,7,243,0.5056405486667359
train,7,244,0.39375300437092664
train,7,245,0.5528800797145799
train,7,246,0.41686041878466906
train,7,247,0.4117657447732055
train,7,248,0.3582539531959612
train,7,249,0.4183670345603483
train,7,250,0.4919250526888449
train,7,251,0.5233887382422311
train,7,252,0.17145912379240774
train,7,253,0.3381594490702294
train,7,254,0.37792268765239534
train,7,255,0.32762454004307007
train,7,256,0.5167585043430192
train,7,257,0.3406844607720316
train,7,258,0.4134091310241289
train,7,259,0.5786887123315649
train,7,260,0.4429866435739715
train,7,261,0.43802648375199515
train,7,262,0.4713636965885554
train,7,263,0.545777891007698
train,7,264,0.31148593061924384
train,7,265,0.48322351534805696
train,7,266,0.37779766025588324
train,7,267,0.6601681081851541
train,7,268,0.4637818331484662
train,7,269,0.5627395026964854
train,7,270,0.45285807423130015
train,7,271,0.3871869472634931
train,7,272,0.6669511404235416
train,7,273,0.3943327558834707
train,7,274,0.35404161038936793
train,7,275,0.29870189699155647
train,7,276,0.33722675229920374
train,7,277,0.4160915038749328
train,7,278,0.5456054585191747
train,7,279,0.5706289939759241
train,7,280,0.33175307322418
train,7,281,0.46517054309083133
train,7,282,0.33045945258863385
train,7,283,0.6032136584245594
train,7,284,0.4219626330046271
train,7,285,0.34184128245183093
train,7,286,0.2809587152705029
train,7,287,0.3448723993023089
train,7,288,0.5855852239397816
train,7,289,0.5328785592420227
train,7,290,0.46131457331245007
train,7,291,0.34793518629519266
train,7,292,0.5195326728410007
train,7,293,0.6316272010663542
train,7,294,0.581571750924252
train,7,295,0.5812493889053323
train,7,296,0.35322311449105004
train,7,297,0.3376617760423746
train,7,298,0.37590579015670905
train,7,299,0.5071272073660537
train,7,300,0.6158044247631932
train,7,301,0.39481837772122663
train,7,302,0.48678146465864364
train,7,303,0.49916996963650473
train,7,304,0.48829117137716316
train,7,305,0.559351010271643
train,7,306,0.48094876045146945
train,7,307,0.421778448387252
train,7,308,0.5089722452520833
train,7,309,0.5488072029737903
train,7,310,0.3798049351150714
train,7,311,0.3629184813210479
train,7,312,0.3900436359618876
train,7,313,0.5634382553328667
train,7,314,0.35853234903655684
train,7,315,0.4441879177895759
train,7,316,0.596833106449635
train,7,317,0.7158174259382661
train,7,318,0.44168583222257235
train,7,319,0.36227094317767217
train,7,320,0.4868251070385546
train,7,321,0.551888668783355
train,7,322,0.37990097462779826
train,7,323,0.363511099181251
train,7,324,0.41849255160968973
train,7,325,0.3120349311080198
train,7,326,0.5301025892954447
train,7,327,0.6425566452649364
train,7,328,0.41141419084464287
train,7,329,0.44059129321604473
train,7,330,0.348122079506617
train,7,331,0.3458601230700541
train,7,332,0.6304541730721006
train,7,333,0.3354212931866445
train,7,334,0.6448815939900461
train,7,335,0.37197610221705213
train,7,336,0.39702544602811274
train,7,337,0.4183720628597773
train,7,338,0.46110165203758624
train,7,339,0.3779717043890235
train,7,340,0.45108871413799073
train,7,341,0.45893255240974173
train,7,342,0.28381567439978783
train,7,343,0.5613133175932531
train,7,344,0.30719672744531756
train,7,345,0.4594669315550952
train,7,346,0.4400117747791006
train,7,347,0.4602457841706352
train,7,348,0.4439307297030223
train,7,349,0.39869592219119754
train,7,350,0.5095846864058053
train,7,351,0.40420427499875783
train,7,352,0.39500322562739176
train,7,353,0.39704133358092497
train,7,354,0.5624755303880582
train,7,355,0.4492688575686059
train,7,356,0.4078983517672489
train,7,357,0.6372432255320617
train,7,358,0.281546073538015
train,7,359,0.28252764270133646
train,7,360,0.6456889603860089
train,7,361,0.43992392818171844
train,7,362,0.5029567631719025
train,7,363,0.4589163460430563
train,7,364,0.3180689700966123
train,7,365,0.41467610467631477
train,7,366,0.3908626579956071
train,7,367,0.5728734064800449
train,7,368,0.5613347084191935
train,7,369,0.4769331348067489
train,7,370,0.507435488547731
train,7,371,0.4533419183670554
train,7,372,0.25793548584040016
train,7,373,0.3820126054387041
train,7,374,0.4488278426659578
train,7,375,0.48358030732344043
train,7,376,0.30987441237264035
train,7,377,0.41182293123479663
train,7,378,0.4884247956379426
train,7,379,0.6056043490090139
train,7,380,0.5861073003179798
train,7,381,0.6684737424881659
train,7,382,0.41023937118384235
train,7,383,0.46832302714236523
train,7,384,0.3211208220559087
train,7,385,0.35815434063273766
train,7,386,0.46992571985406856
train,7,387,0.30119216406781885
train,7,388,0.5145607401137775
train,7,389,0.3941598572257612
train,7,390,0.24133167320625123
train,7,391,0.5110610004694242
train,7,392,0.4230940597113557
train,7,393,0.4765397434726724
train,7,394,0.3698513962776465
train,7,395,0.35622688199070174
train,7,396,0.373669703035844
train,7,397,0.693605191416207
train,7,398,0.55112647465279
train,7,399,0.5337613713694914
train,7,400,0.33037153107933914
train,7,401,0.535085821645188
train,7,402,0.35801647617219295
train,7,403,0.5453989100601666
train,7,404,0.34736728657654525
train,7,405,0.3805692875666333
train,7,406,0.26118961793399575
train,7,407,0.379120767625053
train,7,408,0.5897134359841505
train,7,409,0.5923729402691107
train,7,410,0.4540558387144125
train,7,411,0.5080996498100412
train,7,412,0.359096356146635
train,7,413,0.5421783543858023
train,7,414,0.5037281605144124
train,7,415,0.619772692644783
train,7,416,0.6077340602569469
train,7,417,0.6436765364141059
train,7,418,0.6795447470000129
train,7,419,0.3858372372714747
train,7,420,0.41778180068209925
train,7,421,0.42365927705365425
train,7,422,0.31468885750495224
train,7,423,0.33818567841661135
train,7,424,0.4986030705797276
train,7,425,0.3476776156674655
train,7,426,0.45875557995377964
train,7,427,0.24149348759830047
train,7,428,0.28842696942279533
train,7,429,0.5307826774206468
train,7,430,0.41718570702563684
train,7,431,0.4631206528799041
train,7,432,0.3810453735949023
train,7,433,0.3365223792821509
train,7,434,0.5314997693123777
train,7,435,0.43477715146230456
train,7,436,0.6587982796578024
train,7,437,0.584692482648594
train,7,438,0.5342591365590063
train,7,439,0.40344962456464
train,7,440,0.4963558892754906
train,7,441,0.5324524258331489
train,7,442,0.6971552381235455
train,7,443,0.4423960056443397
train,7,444,0.3878662326704111
train,7,445,0.6487664524919902
train,7,446,0.5811330368776478
train,7,447,0.3834229429344912
train,7,448,0.4972672141119624
train,7,449,0.4103399175328406
train,7,450,0.4887904558281695
train,7,451,0.5194775812176633
train,7,452,0.5023298060210402
train,7,453,0.5111595943815295
train,7,454,0.3873690143000567
train,7,455,0.43007879788146186
train,7,456,0.5629750369578139
train,7,457,0.5627560146761732
train,7,458,0.5003456967273925
train,7,459,0.3418276036375034
train,7,460,0.44650764724411496
train,7,461,0.3330332331636293
train,7,462,0.3734198596007217
train,7,463,0.3250461844857762
train,7,464,0.5003793356945887
train,7,465,0.45394477288375623
train,7,466,0.4521600073236483
train,7,467,0.41783480974892556
train,7,468,0.18468886674591156
train,7,469,0.5146939935209197
train,7,470,0.4172448297256463
train,7,471,0.48973014516863034
train,7,472,0.32957186987475495
train,7,473,0.3687034499997159
train,7,474,0.44152486497616444
train,7,475,0.666709913400558
train,7,476,0.43599846582943785
train,7,477,0.3469788207115822
train,7,478,0.48873082718693034
train,7,479,0.3906691578015198
train,7,480,0.3314148091974769
train,8,1,0.5620101757938206
train,8,2,0.4736411037810303
train,8,3,0.46005306046299355
train,8,4,0.43859381045961343
train,8,5,0.39714472037398574
train,8,6,0.5145497937276047
train,8,7,0.4305528279174393
train,8,8,0.5707770153234051
train,8,9,0.42920778427456324
train,8,10,0.4876526343342384
train,8,11,0.38283313821567366
train,8,12,0.39107604974060656
train,8,13,0.28997456549124856
train,8,14,0.4970557757720753
train,8,15,0.5246742686502949
train,8,16,0.39596338227792005
train,8,17,0.4876535467893895
train,8,18,0.3481238474989816
train,8,19,0.4870074173783341
train,8,20,0.49241782225394093
train,8,21,0.38382924458647316
train,8,22,0.3241298531288661
train,8,23,0.3030123918367264
train,8,24,0.4700044756966994
train,8,25,0.5138540024923695
train,8,26,0.45160870912532847
train,8,27,0.527549426246218
train,8,28,0.3678627151446132
train,8,29,0.4513974427293274
train,8,30,0.5694779174746472
train,8,31,0.4197048557509697
train,8,32,0.5976452795216753
train,8,33,0.3455128027251219
train,8,34,0.414969930675057
train,8,35,0.3576055287518167
train,8,36,0.5045354356615182
train,8,37,0.4127709561056385
train,8,38,0.44629111543862665
train,8,39,0.3382545328310943
train,8,40,0.33665791249199317
train,8,41,0.45714575780712663
train,8,42,0.3757426096305183
train,8,43,0.7459854450562946
train,8,44,0.4354817945677053
train,8,45,0.29785378015260355
train,8,46,0.42098434084975805
train,8,47,0.4080980586695219
train,8,48,0.5016213106043006
train,8,49,0.234431154098205
train,8,50,0.6219640555290907
train,8,51,0.6236136172788447
train,8,52,0.3863324107010009
train,8,53,0.47726405074656536
train,8,54,0.40516958072690196
train,8,55,0.5845525195630793
train,8,56,0.2836136069527283
train,8,57,0.49498941194171925
train,8,58,0.345163275910109
train,8,59,0.38295746112667345
train,8,60,0.46247921652365287
train,8,61,0.45744121937388027
train,8,62,0.35584062743686795
train,8,63,0.5953959626950323
train,8,64,0.4058197628584585
train,8,65,0.36707201176333015
train,8,66,0.39964804708623897
train,8,67,0.39138019051829886
train,8,68,0.39492093246034554
train,8,69,0.28393598520172453
train,8,70,0.32389202419136287
train,8,71,0.4831229006915773
train,8,72,0.31035613993129746
train,8,73,0.4396147218003627
train,8,74,0.32436648173420035
train,8,75,0.42715661892533174
train,8,76,0.45291963841478766
train,8,77,0.27801637743126106
train,8,78,0.3414945721528424
train,8,79,0.5646205174094803
train,8,80,0.5154519131703175
train,8,81,0.46034389865433833
train,8,82,0.46485896754770195
train,8,83,0.33642535581162075
train,8,84,0.6348653362179757
train,8,85,0.39041489877215796
train,8,86,0.5082818604380077
train,8,87,0.4972659051145947
train,8,88,0.3549172996711928
train,8,89,0.49400970543312983
train,8,90,0.21703616188283223
train,8,91,0.4127469428946713
train,8,92,0.4499537007071909
train,8,93,0.7189849461828627
train,8,94,0.5512232912180433
train,8,95,0.7379935493012937
train,8,96,0.28036256693688444
train,8,97,0.36152462006190156
train,8,98,0.4990860997777457
train,8,99,0.5836747555581199
train,8,100,0.26471966772394795
train,8,101,0.5225543830875693
train,8,102,0.3374329895155375
train,8,103,0.2812014324949992
train,8,104,0.3678577608249485
train,8,105,0.6295795915380754
train,8,106,0.43239483476449153
train,8,107,0.46551521068948537
train,8,108,0.3068374798453375
train,8,109,0.41569720828581014
train,8,110,0.49792149117786993
train,8,111,0.4393688145628485
train,8,112,0.3604238805119785
train,8,113,0.589700210349881
train,8,114,0.4469367773249722
train,8,115,0.37372596141641845
train,8,116,0.576182946536445
train,8,117,0.3519773204816996
train,8,118,0.5780149843752307
train,8,119,0.6325156104900567
train,8,120,0.36627421451433406
train,8,121,0.519823448959691
train,8,122,0.4582104058125458
train,8,123,0.49232693884225476
train,8,124,0.3457761024025697
train,8,125,0.5800424939140186
train,8,126,0.40545955282039803
train,8,127,0.29952502458242014
train,8,128,0.3515681713383482
train,8,129,0.2916154270169133
train,8,130,0.3561139688910233
train,8,131,0.42914396726652726
train,8,132,0.2892469587362563
train,8,133,0.44739233492510366
train,8,134,0.4235648939788573
train,8,135,0.48248323362519446
train,8,136,0.5069385943540424
train,8,137,0.5801489495581214
train,8,138,0.5166035459963302
train,8,139,0.49512356047944794
train,8,140,0.5084623493146876
train,8,141,0.4303984020189397
train,8,142,0.47509960380314575
train,8,143,0.5093469868593227
train,8,144,0.386906626141039
train,8,145,0.4782130338450952
train,8,146,0.6182504141525397
train,8,147,0.5868257193134756
train,8,148,0.5171398591016425
train,8,149,0.4920987899422718
train,8,150,0.4260543800872647
train,8,151,0.39418715137807925
train,8,152,0.6030276967366786
train,8,153,0.4514834805396381
train,8,154,0.35007810168739284
train,8,155,0.27868049535974415
train,8,156,0.5559704360461235
train,8,157,0.46931026549206967
train,8,158,0.28691098226656875
train,8,159,0.5033256421786774
train,8,160,0.5561510566438506
train,8,161,0.40591327825992396
train,8,162,0.5327586095946738
train,8,163,0.6109323282496222
train,8,164,0.5033055396378643
train,8,165,0.46695393463671503
train,8,166,0.5060039960963059
train,8,167,0.3728582054451001
train,8,168,0.6077564224266603
train,8,169,0.33148570054212
train,8,170,0.299843773354005
train,8,171,0.5474036990412054
train,8,172,0.6007779242787443
train,8,173,0.4214310708803906
train,8,174,0.6102896753918885
train,8,175,0.41215011769595494
train,8,176,0.5027371370946458
train,8,177,0.33461441302536976
train,8,178,0.5621771849763699
train,8,179,0.5151322584081789
train,8,180,0.5951508959499163
train,8,181,0.4465529112139941
train,8,182,0.49992145235195334
train,8,183,0.6425057576288198
train,8,184,0.31369180411277087
train,8,185,0.4026826352319248
train,8,186,0.3269600697031861
train,8,187,0.39198182016273353
train,8,188,0.5691212632864696
train,8,189,0.3083550756623912
train,8,190,0.4278964169229934
train,8,191,0.33549221796508255
train,8,192,0.6190306082564874
train,8,193,0.4455192687845815
train,8,194,0.5274841561001087
train,8,195,0.38315151380905177
train,8,196,0.4403459917488844
train,8,197,0.431625125046182
train,8,198,0.3611288302391319
train,8,199,0.3912543039704664
train,8,200,0.3210883402706588
train,8,201,0.4260489565701068
train,8,202,0.5802904102172508
train,8,203,0.5935828944665356
train,8,204,0.4356035210230411
train,8,205,0.4104957501775147
train,8,206,0.2124760826778735
train,8,207,0.615191244348763
train,8,208,0.4461332338377796
train,8,209,0.3684072893587265
train,8,210,0.4381909851610842
train,8,211,0.3448633505709788
train,8,212,0.3966829163741678
train,8,213,0.4765876837958717
train,8,214,0.5169838246740657
train,8,215,0.3059179519021407
train,8,216,0.6323886204638247
train,8,217,0.3587369532181918
train,8,218,0.31889154093354016
train,8,219,0.33512905464529436
train,8,220,0.32796390504337913
train,8,221,0.2690126385459756
train,8,222,0.3561581244631299
train,8,223,0.36565783396684415
train,8,224,0.6432042045358125
train,8,225,0.42469530669087713
train,8,226,0.3683175901316639
train,8,227,0.5097308859882846
train,8,228,0.3806446262307228
train,8,229,0.311652596692953
train,8,230,0.5391805659569128
train,8,231,0.7687331063131394
train,8,232,0.4114773961015965
train,8,233,0.33337839080490583
train,8,234,0.4986517170189134
train,8,235,0.4647872158818426
train,8,236,0.5443461778685472
train,8,237,0.4490448640940215
train,8,238,0.39422778751991044
train,8,239,0.6107478424314746
train,8,240,0.41379864588038706
train,8,241,0.45933004174701664
train,8,242,0.5267263915997131
train,8,243,0.3023905062140569
train,8,244,0.28005374447690917
train,8,245,0.2960681832584715
train,8,246,0.42936514023846395
train,8,247,0.5134577347004478
train,8,248,0.3029993256403325
train,8,249,0.4224590904788502
train,8,250,0.5755910465686696
train,8,251,0.6188853658678732
train,8,252,0.2861360828889762
train,8,253,0.5190917841752727
train,8,254,0.27713143245504235
train,8,255,0.4509203121103785
train,8,256,0.45503900897782695
train,8,257,0.555890119197826
train,8,258,0.5002321420624714
train,8,259,0.5008403027343907
train,8,260,0.385079540772888
train,8,261,0.33261492760041056
train,8,262,0.6634052864389606
train,8,263,0.5266703215810946
train,8,264,0.4175188350878857
train,8,265,0.3812455773107063
train,8,266,0.39464350120214353
train,8,267,0.45070721599544644
train,8,268,0.39276847587100905
train,8,269,0.6127798772149505
train,8,270,0.3785220288432394
train,8,271,0.42015671965420004
train,8,272,0.4608458017327089
train,8,273,0.3248219055212218
train,8,274,0.3078025014292164
train,8,275,0.47097856671986577
train,8,276,0.44967112476428195
train,8,277,0.6919721157165275
train,8,278,0.3316794455355364
train,8,279,0.32341947270074123
train,8,280,0.4096430368471599
train,8,281,0.39117214742732526
train,8,282,0.4514699816332788
train,8,283,0.627602438870623
train,8,284,0.5273355261564735
train,8,285,0.45082010786090665
train,8,286,0.4336851744604654
train,8,287,0.45214032419240013
train,8,288,0.428965112632384
train,8,289,0.339825188895072
train,8,290,0.6213142900295554
train,8,291,0.48037701263348065
train,8,292,0.3146184047951625
train,8,293,0.27302366620368096
train,8,294,0.4289295002856852
train,8,295,0.27466970043669015
train,8,296,0.4109094784280078
train,8,297,0.41257244113669544
train,8,298,0.3329038812459189
train,8,299,0.33632117099133507
train,8,300,0.5278642349761264
train,8,301,0.49860769589616727
train,8,302,0.6061200058933798
train,8,303,0.37071414867485253
train,8,304,0.42615397830723845
train,8,305,0.4356672657297326
train,8,306,0.3457860423699081
train,8,307,0.49931841024186313
train,8,308,0.24004946047214065
train,8,309,0.46110931180952885
train,8,310,0.40179485392818926
train,8,311,0.40433443874425506
train,8,312,0.535826123535903
train,8,313,0.4769245265205702
train,8,314,0.4517931093894926
train,8,315,0.46958244487769585
train,8,316,0.5698562167871943
train,8,317,0.43736273017121774
train,8,318,0.3177524192647702
train,8,319,0.39643773787218506
train,8,320,0.5040587924700353
train,8,321,0.3705329862267206
train,8,322,0.3081037674927633
train,8,323,0.35729644198034893
train,8,324,0.45445661414342775
train,8,325,0.4602153222126786
train,8,326,0.6843359202374845
train,8,327,0.37216070522199673
train,8,328,0.540362154489501
train,8,329,0.3826667321507547
train,8,330,0.32479029417322336
train,8,331,0.4394379771601655
train,8,332,0.5700659107992355
train,8,333,0.552693308107102
train,8,334,0.563009824763727
train,8,335,0.5845634239697284
train,8,336,0.27639179531508173
train,8,337,0.6397160327081433
train,8,338,0.2760369997673925
train,8,339,0.49367100600963226
train,8,340,0.5357248338630036
train,8,341,0.4850765611884462
train,8,342,0.394663091156905
train,8,343,0.3914434401278156
train,8,344,0.5352503564702507
train,8,345,0.36416893515113297
train,8,346,0.4170050975606746
train,8,347,0.3092132770510569
train,8,348,0.35057657629501227
train,8,349,0.32646637576927784
train,8,350,0.3805360120718842
train,8,351,0.40414154990917983
train,8,352,0.4319302240090407
train,8,353,0.3517558944659207
train,8,354,0.41779062303054865
train,8,355,0.6119440119712771
train,8,356,0.39000506611018365
train,8,357,0.32424979141796817
train,8,358,0.3696929333966113
train,8,359,0.4230967646684889
train,8,360,0.4189977539773931
train,8,361,0.39185489345727387
train,8,362,0.4712921971696144
train,8,363,0.3701152101470853
train,8,364,0.3666927527125523
train,8,365,0.4542457380241691
train,8,366,0.3166637610882404
train,8,367,0.4365552858936539
train,8,368,0.4383751200026458
train,8,369,0.3987841759520269
train,8,370,0.7980196991232067
train,8,371,0.414098212917109
train,8,372,0.2711002748916209
train,8,373,0.39860097333382205
train,8,374,0.5351768326949865
train,8,375,0.3174441365980676
train,8,376,0.4577244081732741
train,8,377,0.4003724265512043
train,8,378,0.4503336782173655
train,8,379,0.4308141548888437
train,8,380,0.3004195264332054
train,8,381,0.29819559394577677
train,8,382,0.44118266797683797
train,8,383,0.42506120326218444
train,8,384,0.5603877510374926
train,8,385,0.4465008671619585
train,8,386,0.640326164402314
train,8,387,0.5597328015946019
train,8,388,0.4936308694427723
train,8,389,0.4912114148761123
train,8,390,0.4767145292306106
train,8,391,0.435060592668474
train,8,392,0.5555966713137725
train,8,393,0.49240574069226656
train,8,394,0.42114758603502594
train,8,395,0.674876988037107
train,8,396,0.26630876816048
train,8,397,0.3952459138587934
train,8,398,0.35025561064375377
train,8,399,0.6095969131284072
train,8,400,0.5364454488645514
train,8,401,0.49425312231414636
train,8,402,0.38470818070411866
train,8,403,0.5405808867602157
train,8,404,0.4720571642476091
train,8,405,0.34149208168624295
train,8,406,0.37261518807771904
train,8,407,0.3293700335039429
train,8,408,0.39149624335522065
train,8,409,0.3532483091704722
train,8,410,0.45388646475326044
train,8,411,0.6250894032038643
train,8,412,0.4442358142544385
train,8,413,0.3478208375368793
train,8,414,0.3509558955419988
train,8,415,0.6199885749072337
train,8,416,0.4338579033436928
train,8,417,0.5037375020011765
train,8,418,0.39729323048626247
train,8,419,0.4654018850630693
train,8,420,0.5424037160530533
train,8,421,0.43400035257683517
train,8,422,0.48361171966822913
train,8,423,0.4670263263914638
train,8,424,0.36033932154447296
train,8,425,0.5413160931761665
train,8,426,0.36032135934620974
train,8,427,0.4367160759668046
train,8,428,0.5132420032360042
train,8,429,0.3520042913630316
train,8,430,0.44950534263632036
train,8,431,0.3982684786951335
train,8,432,0.34409706528119904
train,8,433,0.382314731540518
train,8,434,0.6084911034343063
train,8,435,0.47531548284585007
train,8,436,0.5085070487130965
train,8,437,0.3852016498729576
train,8,438,0.6026725422805599
train,8,439,0.34054947842946565
train,8,440,0.28267903838211234
train,8,441,0.6362195351545249
train,8,442,0.4247373392448201
train,8,443,0.4276533790202317
train,8,444,0.47540763839511285
train,8,445,0.5589926597205275
train,8,446,0.37069775247647785
train,8,447,0.40496632840767743
train,8,448,0.6433316531574803
train,8,449,0.3403592448408911
train,8,450,0.4966281087036342
train,8,451,0.5214224395039828
train,8,452,0.3882777195180154
train,8,453,0.3817090424352687
train,8,454,0.44170592460447256
train,8,455,0.6537331806988562
train,8,456,0.3074284913258768
train,8,457,0.3701053394659008
train,8,458,0.5693861161437902
train,8,459,0.4184245889424957
train,8,460,0.48509704486856564
train,8,461,0.30154941091878695
train,8,462,0.5999662202983858
train,8,463,0.475713289351388
train,8,464,0.4893312522414024
train,8,465,0.3185877969805249
train,8,466,0.5300673118757966
train,8,467,0.3873810924001342
train,8,468,0.46683180009815517
train,8,469,0.5470128174905924
train,8,470,0.45031251093130564
train,8,471,0.43433569807625627
train,8,472,0.23255781012186702
train,8,473,0.5439757813185281
train,8,474,0.5543730839068652
train,8,475,0.310810299918432
train,8,476,0.4884175535040875
train,8,477,0.3007418716367295
train,8,478,0.37999519662161046
train,8,479,0.5149421055925931
train,8,480,0.2575512305190074
train,9,1,0.4589853538696631
train,9,2,0.4413540452314671
train,9,3,0.4669796654214121
train,9,4,0.32282312678511943
train,9,5,0.4087132876459769
train,9,6,0.18586399668942633
train,9,7,0.4251330152230492
train,9,8,0.421697287239705
train,9,9,0.30654248267642337
train,9,10,0.3304616871736011
train,9,11,0.6475155535915569
train,9,12,0.52998295971534
train,9,13,0.28876602321926
train,9,14,0.4158271976438014
train,9,15,0.42994396744070956
train,9,16,0.46777561669067225
train,9,17,0.33822072317483043
train,9,18,0.35502654882466056
train,9,19,0.34756430020870377
train,9,20,0.46988448750191364
train,9,21,0.44198297014603205
train,9,22,0.5064018847734636
train,9,23,0.41669835489106505
train,9,24,0.4520815470950533
train,9,25,0.4598310207162324
train,9,26,0.3098698240029781
train,9,27,0.5021639943368446
train,9,28,0.3433988529554439
train,9,29,0.4776480137119712
train,9,30,0.44890843946540115
train,9,31,0.33594884165517835
train,9,32,0.43378224143539323
train,9,33,0.5004791878727204
train,9,34,0.5140693217799348
train,9,35,0.5866157989221377
train,9,36,0.39269722743795277
train,9,37,0.3079269520946703
train,9,38,0.3209720711428104
train,9,39,0.6072935242354816
train,9,40,0.4309273176726265
train,9,41,0.4125563725689848
train,9,42,0.3982838909007712
train,9,43,0.3365767066151584
train,9,44,0.34353584514093316
train,9,45,0.596488347087632
train,9,46,0.3914027794553219
train,9,47,0.35674545232602317
train,9,48,0.4055143489333704
train,9,49,0.6673668230772746
train,9,50,0.47671980887619386
train,9,51,0.43226253586982255
train,9,52,0.31031316567781353
train,9,53,0.43395717556967467
train,9,54,0.36208876054391603
train,9,55,0.4580285686755958
train,9,56,0.5941129439384452
train,9,57,0.42379380052913934
train,9,58,0.3956004192632331
train,9,59,0.660824320272416
train,9,60,0.34611254958744286
train,9,61,0.40639112330006216
train,9,62,0.5761310078005942
train,9,63,0.2770331597293374
train,9,64,0.3290367904758924
train,9,65,0.4393867613668001
train,9,66,0.29821683632076357
train,9,67,0.49950459204780795
train,9,68,0.6077284299917234
train,9,69,0.5930495415800092
train,9,70,0.5508551240672777
train,9,71,0.4399376627368845
train,9,72,0.41220923542107446
train,9,73,0.4997576757749619
train,9,74,0.4629918310241987
train,9,75,0.391722197429122
train,9,76,0.4262321692273056
train,9,77,0.46943530531207905
train,9,78,0.5146051756057508
train,9,79,0.5658116974324183
train,9,80,0.4752035671646225
train,9,81,0.44535066068352896
train,9,82,0.5467743360383759
train,9,83,0.5909030608003517
train,9,84,0.29573122003661445
train,9,85,0.2816649399284676
train,9,86,0.33163141856531275
train,9,87,0.4526882816734254
train,9,88,0.4884535201450292
train,9,89,0.5756306429402346
train,9,90,0.30031524202021714
train,9,91,0.414735612216701
train,9,92,0.41104332786560865
train,9,93,0.4757182410276475
train,9,94,0.4095427217140511
train,9,95,0.3706558409879195
train,9,96,0.41325596835154454
train,9,97,0.2526649008502072
train,9,98,0.29603749667181106
train,9,99,0.36444190002275956
train,9,100,0.446638626774308
train,9,101,0.3716991851224505
train,9,102,0.4999220827779067
train,9,103,0.36486983970469034
train,9,104,0.3714689910062843
train,9,105,0.36459175361342055
train,9,106,0.5125415599136349
train,9,107,0.8338122580426701
train,9,108,0.4246890499281124
train,9,109,0.41108601953355856
train,9,110,0.4096753800999297
train,9,111,0.34799788647524893
train,9,112,0.5446434270871235
train,9,113,0.5959703633585351
train,9,114,0.3508276637119475
train,9,115,0.494334577634445
train,9,116,0.29842963356855473
train,9,117,0.6141019883305132
train,9,118,0.48689679663818575
train,9,119,0.4564620376340728
train,9,120,0.6443686007038195
train,9,121,0.40782923860043635
train,9,122,0.43094197185074334
train,9,123,0.3352617038322545
train,9,124,0.5240834130924612
train,9,125,0.4740111419501269
train,9,126,0.3595968325208714
train,9,127,0.6509549934386709
train,9,128,0.4106670561176067
train,9,129,0.505115578205327
train,9,130,0.5679794130989428
train,9,131,0.41806616483659875
train,9,132,0.5037916315270682
train,9,133,0.4596069706890257
train,9,134,0.6001037373900695
train,9,135,0.25853060413355844
train,9,136,0.32321765567560057
train,9,137,0.38763008608685906
train,9,138,0.48776902132118516
train,9,139,0.3897375839064282
train,9,140,0.29328784097680544
train,9,141,0.4741618267562224
train,9,142,0.44660018466426993
train,9,143,0.3417528192996454
train,9,144,0.2712389359419478
train,9,145,0.7497352170318867
train,9,146,0.5559218387805507
train,9,147,0.28133143164155927
train,9,148,0.5108402723378762
train,9,149,0.33823284239450513
train,9,150,0.3918763672818331
train,9,151,0.4862621712770611
train,9,152,0.41115887284152686
train,9,153,0.5909744977599986
train,9,154,0.42280835225648
train,9,155,0.31484952554210544
train,9,156,0.3880640864891883
train,9,157,0.3071559476051981
train,9,158,0.2961581850141575
train,9,159,0.47456519114610674
train,9,160,0.42283914565542524
train,9,161,0.36736987681809685
train,9,162,0.49069135760434185
train,9,163,0.35904629107717356
train,9,164,0.4572906030449689
train,9,165,0.494975145940327
train,9,166,0.5064731034805935
train,9,167,0.5394313505349005
train,9,168,0.3038908770041321
train,9,169,0.3691979727465542
train,9,170,0.4179770831700221
train,9,171,0.40218212308292417
train,9,172,0.36511649939816604
train,9,173,0.4718764068400071
train,9,174,0.3814352859453842
train,9,175,0.5045960978359525
train,9,176,0.36026557483167976
train,9,177,0.4178158202628131
train,9,178,0.5937533127595815
train,9,179,0.4188516850404209
train,9,180,0.3604356057381286
train,9,181,0.42016203251318557
train,9,182,0.4057925333098782
train,9,183,0.49766415225756944
train,9,184,0.39613936747301937
train,9,185,0.3304802377248278
train,9,186,0.36458652638118805
train,9,187,0.5258841784953788
train,9,188,0.25115827580533634
train,9,189,0.24677757407119025
train,9,190,0.31777893474956154
train,9,191,0.3276947458756647
train,9,192,0.35402899987730296
train,9,193,0.460329578392888
train,9,194,0.6484269910608295
train,9,195,0.4605428902926316
train,9,196,0.34340511524634887
train,9,197,0.5143224645400785
train,9,198,0.4533176359499941
train,9,199,0.2216840889444963
train,9,200,0.3358250364256232
train,9,201,0.40105591312383826
train,9,202,0.308598776646676
train,9,203,0.5531384721627217
train,9,204,0.3670205818859367
train,9,205,0.4352146708750128
train,9,206,0.2870245681235789
train,9,207,0.3063534530522558
train,9,208,0.6135596412130226
train,9,209,0.49362482485157105
train,9,210,0.29899453904660567
train,9,211,0.3498800731685411
train,9,212,0.674993567889005
train,9,213,0.3380573392903453
train,9,214,0.7766851816765314
train,9,215,0.5122694554618654
train,9,216,0.42489436960728877
train,9,217,0.32819751648319995
train,9,218,0.35588684583688035
train,9,219,0.44794173175537966
train,9,220,0.39974905817908907
train,9,221,0.36751125852077304
train,9,222,0.41814271361803895
train,9,223,0.3567964250510611
train,9,224,0.4789389725483469
train,9,225,0.39353718845091135
train,9,226,0.4199807578751198
train,9,227,0.26486451926542365
train,9,228,0.45396500617244073
train,9,229,0.516066595748748
train,9,230,0.4521554626737601
train,9,231,0.3806274322233586
train,9,232,0.3451724818983232
train,9,233,0.4941973012033287
train,9,234,0.5339850312306063
train,9,235,0.515098475011674
train,9,236,0.43462734497239885
train,9,237,0.3576614631515409
train,9,238,0.4928619876971755
train,9,239,0.6564428833069468
train,9,240,0.3830717472757176
train,9,241,0.2903447350073114
train,9,242,0.32953919947322174
train,9,243,0.30506840302143495
train,9,244,0.35041948106298876
train,9,245,0.4121252108743358
train,9,246,0.4379333321305521
train,9,247,0.3153036290440908
train,9,248,0.3255315908941562
train,9,249,0.36663691166626505
train,9,250,0.3751115841047771
train,9,251,0.520900031404648
train,9,252,0.3635805259883451
train,9,253,0.4258415323862694
train,9,254,0.3124679591715579
train,9,255,0.4814351546974682
train,9,256,0.5692142096009025
train,9,257,0.7737587912505887
train,9,258,0.4551716527060624
train,9,259,0.5525012523814321
train,9,260,0.44710038770705673
train,9,261,0.2561266322119304
train,9,262,0.38751306733445234
train,9,263,0.4455809859242503
train,9,264,0.38962378821968335
train,9,265,0.2888900340017866
train,9,266,0.3055521388145179
train,9,267,0.4385815933803988
train,9,268,0.3289380448000364
train,9,269,0.3300862628947892
train,9,270,0.3779399791699198
train,9,271,0.6185372261391068
train,9,272,0.6234520174484348
train,9,273,0.3828785612591221
train,9,274,0.4492895596890384
train,9,275,0.32480402512213385
train,9,276,0.1881786834389699
train,9,277,0.3499608204659031
train,9,278,0.4064577506414002
train,9,279,0.3670724630830234
train,9,280,0.32189438279226623
train,9,281,0.32083624545668776
train,9,282,0.7678047590314321
train,9,283,0.3729780491556451
train,9,284,0.41579597449658934
train,9,285,0.8010696298003234
train,9,286,0.295895102919273
train,9,287,0.5583364343413919
train,9,288,0.45959520664540265
train,9,289,0.5743526935096981
train,9,290,0.28457155664903777
train,9,291,0.3205393814771436
train,9,292,0.4486147831467208
train,9,293,0.5205222958610329
train,9,294,0.28675688677337396
train,9,295,0.5921661771065754
train,9,296,0.253724601579915
train,9,297,0.49478619878891217
train,9,298,0.3252428950893711
train,9,299,0.37635956161709905
train,9,300,0.31665027875894697
train,9,301,0.4510647267309926
train,9,302,0.4297145942760175
train,9,303,0.43832670953041325
train,9,304,0.4010822534177643
train,9,305,0.32807362759819264
train,9,306,0.2835283857980201
train,9,307,0.2921721828089453
train,9,308,0.35359866511028315
train,9,309,0.32600373245512704
train,9,310,0.29313861351001846
train,9,311,0.4984387825980404
train,9,312,0.41747341711287694
train,9,313,0.5821777969300039
train,9,314,0.5837284499229809
train,9,315,0.479052754111524
train,9,316,0.5729992986071352
train,9,317,0.4719840133321314
train,9,318,0.5228502038690195
train,9,319,0.36118559364340225
train,9,320,0.46362018331102567
train,9,321,0.5114388970588408
train,9,322,0.48189464296741213
train,9,323,0.35900218721358323
train,9,324,0.30487639600244626
train,9,325,0.33458071208163076
train,9,326,0.4832886907402578
train,9,327,0.47258557876050084
train,9,328,0.4571532533185924
train,9,329,0.513104659775357
train,9,330,0.38579215782978715
train,9,331,0.4190903681847593
train,9,332,0.34291768570449865
train,9,333,0.43453635776024035
train,9,334,0.4438327654804628
train,9,335,0.3368386377346507
train,9,336,0.35035030932501976
train,9,337,0.6708880640710296
train,9,338,0.39746984809984365
train,9,339,0.474742692652698
train,9,340,0.27944368725041546
train,9,341,0.3639863489512513
train,9,342,0.4578607435262608
train,9,343,0.5129827902141004
train,9,344,0.3511468270729283
train,9,345,0.5067634231037765
train,9,346,0.39392043306535884
train,9,347,0.46088693343271336
train,9,348,0.4567743116309852
train,9,349,0.3917318864377967
train,9,350,0.28173569713649166
train,9,351,0.5678962091463677
train,9,352,0.45186373626995713
train,9,353,0.5240825511904588
train,9,354,0.64688224965251
train,9,355,0.45261611784738637
train,9,356,0.49154656863926466
train,9,357,0.3933067446090007
train,9,358,0.469234600848405
train,9,359,0.541624991959931
train,9,360,0.32824735175891284
train,9,361,0.4631668850104448
train,9,362,0.41962938536760475
train,9,363,0.3398820973728582
train,9,364,0.42261375709225296
train,9,365,0.4516512720691664
train,9,366,0.7555963074334773
train,9,367,0.3759990199088148
train,9,368,0.5559467295253457
train,9,369,0.31165854949883826
train,9,370,0.3535388687152193
train,9,371,0.2815463097622426
train,9,372,0.3264714530248527
train,9,373,0.38085730378576343
train,9,374,0.5346769150205075
train,9,375,0.49719262084957017
train,9,376,0.5012328012479358
train,9,377,0.25434432850779165
train,9,378,0.32960219134439966
train,9,379,0.43293622573947466
train,9,380,0.44665320126469477
train,9,381,0.2897434740299091
train,9,382,0.6110336682134468
train,9,383,0.5799841805991708
train,9,384,0.5447478899145328
train,9,385,0.548287879248532
train,9,386,0.439911431767139
train,9,387,0.5570525896382446
train,9,388,0.5276744664419386
train,9,389,0.4025423980708679
train,9,390,0.6138037480995533
train,9,391,0.3267102104937808
train,9,392,0.4942402924683522
train,9,393,0.4991225066391337
train,9,394,0.36022532530983487
train,9,395,0.5986374330108745
train,9,396,0.6928051749104658
train,9,397,0.39386517420186595
train,9,398,0.5005172179707765
train,9,399,0.45293756941038116
train,9,400,0.3062206555964397
train,9,401,0.5035700764853492
train,9,402,0.5452824472073383
train,9,403,0.5413105451835534
train,9,404,0.42979626690935757
train,9,405,0.3126784682470892
train,9,406,0.495255363720316
train,9,407,0.28787083141166026
train,9,408,0.342923072411066
train,9,409,0.28783657607069485
train,9,410,0.36648155306494457
train,9,411,0.2978081835291585
train,9,412,0.3852492232570954
train,9,413,0.5438852112533661
train,9,414,0.6700486988770807
train,9,415,0.493045676595892
train,9,416,0.5384837248493577
train,9,417,0.3958236525859142
train,9,418,0.4672992086790695
train,9,419,0.6124738945477276
train,9,420,0.5161073080225177
train,9,421,0.4051175770883058
train,9,422,0.4573455631276456
train,9,423,0.42045947383855853
train,9,424,0.3910955713166071
train,9,425,0.4303304943363669
train,9,426,0.4375559957906338
train,9,427,0.45798177415264973
train,9,428,0.514575768146116
train,9,429,0.4768206828866837
train,9,430,0.5113381880146098
train,9,431,0.6149679670813188
train,9,432,0.3962138857996783
train,9,433,0.38485140924038963
train,9,434,0.47689372806914027
train,9,435,0.5533502160790214
train,9,436,0.40285231625616413
train,9,437,0.4894320289292328
train,9,438,0.3919170116702242
train,9,439,0.5335765247274917
train,9,440,0.3971588399693594
train,9,441,0.5491296303427646
train,9,442,0.43123329632555835
train,9,443,0.32908938043545033
train,9,444,0.6471262822219064
train,9,445,0.37198520733041296
train,9,446,0.45824526519516035
train,9,447,0.2999630121118185
train,9,448,0.2852157832287763
train,9,449,0.43990460699989625
train,9,450,0.5506937027601403
train,9,451,0.34863543724439966
train,9,452,0.4894541610521912
train,9,453,0.35714563259804555
train,9,454,0.521255060079741
train,9,455,0.3535833341551593
train,9,456,0.55532999404883
train,9,457,0.4162825877062702
train,9,458,0.4883557910056579
train,9,459,0.33163897213048454
train,9,460,0.38924540676816505
train,9,461,0.4525579786611886
train,9,462,0.6543481973842624
train,9,463,0.3780178534555788
train,9,464,0.4023357289975712
train,9,465,0.4925177444703285
train,9,466,0.2674241548672261
train,9,467,0.6232201435726343
train,9,468,0.39621200243277066
train,9,469,0.39600767110826995
train,9,470,0.5344929903522337
train,9,471,0.49122783396104197
train,9,472,0.4804033644449092
train,9,473,0.4805591103901749
train,9,474,0.28761309048161043
train,9,475,0.4837236256458399
train,9,476,0.23426085127889756
train,9,477,0.3746361902574643
train,9,478,0.4321459846712917
train,9,479,0.3186363979662258
train,9,480,0.30966025360195937
train,10,1,0.5869582991994104
train,10,2,0.305186607129777
train,10,3,0.46911370958343385
train,10,4,0.32472909221657775
train,10,5,0.3274170957104584
train,10,6,0.3164040275883554
train,10,7,0.44893766055390044
train,10,8,0.4554596923078494
train,10,9,0.37017484799788714
train,10,10,0.31901160405365503
train,10,11,0.5293323845797571
train,10,12,0.36987864600537945
train,10,13,0.6714310228847777
train,10,14,0.34963871024252824
train,10,15,0.28618927639256686
train,10,16,0.573385726826896
train,10,17,0.43588889202358605
train,10,18,0.5741398180906263
train,10,19,0.38959039898493214
train,10,20,0.31553214550612124
train,10,21,0.4221855711866064
train,10,22,0.48600474821931505
train,10,23,0.49989668643533625
train,10,24,0.7075014938674485
train,10,25,0.3394192592833279
train,10,26,0.501629909112514
train,10,27,0.601428123151408
train,10,28,0.35073156303542247
train,10,29,0.2951896155533047
train,10,30,0.8215304452102622
train,10,31,0.4139813524748099
train,10,32,0.4586356858376533
train,10,33,0.5180391752138614
train,10,34,0.4926273579291852
train,10,35,0.3958903344882634
train,10,36,0.5518575005478735
train,10,37,0.48121493516775815
train,10,38,0.5625337362358841
train,10,39,0.7361169930580993
train,10,40,0.6378758158497237
train,10,41,0.358873968729962
train,10,42,0.47072574187438754
train,10,43,0.36286525270185227
train,10,44,0.34381868062813925
train,10,45,0.5777583112479789
train,10,46,0.6476914888187202
train,10,47,0.2999041149214333
train,10,48,0.5007562497035863
train,10,49,0.48343158219395616
train,10,50,0.4247598866777881
train,10,51,0.5861355917909203
train,10,52,0.4253394660402921
train,10,53,0.4180672486534377
train,10,54,0.3593639398860164
train,10,55,0.2787708219294479
train,10,56,0.3582159047418224
train,10,57,0.4125670020869474
train,10,58,0.35820333834626505
train,10,59,0.5190199680060317
train,10,60,0.2669351811448635
train,10,61,0.5713713329320642
train,10,62,0.37478317050882615
train,10,63,0.41521699240162124
train,10,64,0.5196476786679005
train,10,65,0.3611778584292764
train,10,66,0.439822065688949
train,10,67,0.26310467666299736
train,10,68,0.3623179106558764
train,10,69,0.5897873914160637
train,10,70,0.7416524808554953
train,10,71,0.3327869809396275
train,10,72,0.3248692949611327
train,10,73,0.2762285877254234
train,10,74,0.30130422039096527
train,10,75,0.34078148605827635
train,10,76,0.31805066673692406
train,10,77,0.26490219844167284
train,10,78,0.34935826090772193
train,10,79,0.31054394393258267
train,10,80,0.45978132630058716
train,10,81,0.4013977435535865
train,10,82,0.505781833412897
train,10,83,0.5606198682110777
train,10,84,0.37323847551113887
train,10,85,0.3185528982298478
train,10,86,0.42387616670417627
train,10,87,0.3483860539350177
train,10,88,0.4795413325364209
train,10,89,0.5385822225224438
train,10,90,0.5084842372244192
train,10,91,0.3909328231570441
train,10,92,0.2737304038177143
train,10,93,0.34061333795172344
train,10,94,0.48831158460511215
train,10,95,0.35855788834978314
train,10,96,0.33025933523775847
train,10,97,0.49533020032515473
train,10,98,0.38187593495605887
train,10,99,0.5332932454793301
train,10,100,0.29013538480703815
train,10,101,0.45700702539622484
train,10,102,0.4350082079257843
train,10,103,0.524802815256044
train,10,104,0.3394124429394843
train,10,105,0.45448862005424007
train,10,106,0.5526848503509642
train,10,107,0.4948807978097899
train,10,108,0.49533406690990456
train,10,109,0.48871829076816387
train,10,110,0.24522676571893576
train,10,111,0.3442568288505066
train,10,112,0.3365398558352389
train,10,113,0.4029624561479558
train,10,114,0.5099362192410739
train,10,115,0.3719807439167898
train,10,116,0.4783762217282329
train,10,117,0.61450909075123
train,10,118,0.5172927562822193
train,10,119,0.6097073202403375
train,10,120,0.2558691660092523
train,10,121,0.42064403383485816
train,10,122,0.39128837192800897
train,10,123,0.48181432104770183
train,10,124,0.35778334294835856
train,10,125,0.3728776881859308
train,10,126,0.344615840541888
train,10,127,0.4525868307682595
train,10,128,0.5913757261157327
train,10,129,0.24860688538474662
train,10,130,0.33618312492012414
train,10,131,0.4647845127012161
train,10,132,0.33184474040433093
train,10,133,0.3754796323195404
train,10,134,0.5024235874684699
train,10,135,0.3411760493794125
train,10,136,0.5948305677124194
train,10,137,0.4094473510660113
train,10,138,0.5619945819670676
train,10,139,0.4367950476428496
train,10,140,0.5262799222190275
train,10,141,0.3565927239416565
train,10,142,0.35290623063763127
train,10,143,0.4202891805086507
train,10,144,0.3822602925788929
train,10,145,0.40602859036858807
train,10,146,0.4444010596390544
train,10,147,0.379463480666363
train,10,148,0.4737218880658791
train,10,149,0.5205934236617165
train,10,150,0.5414128396395823
train,10,151,0.4391694538807251
train,10,152,0.32907863386136826
train,10,153,0.668290614777991
train,10,154,0.25890409768255174
train,10,155,0.4591768559598375
train,10,156,0.3949244186231028
train,10,157,0.7272155921171766
train,10,158,0.4313794789718348
train,10,159,0.5372661265976704
train,10,160,0.5085927753344381
train,10,161,0.2963501148755594
train,10,162,0.33375430445695986
train,10,163,0.5185257151927103
train,10,164,0.31913659889401774
train,10,165,0.5013584655379725
train,10,166,0.5079833248751611
train,10,167,0.6529460729572996
train,10,168,0.35400238652188976
train,10,169,0.7172828279908859
train,10,170,0.4221244611687403
train,10,171,0.35981276179794003
train,10,172,0.47128896947000565
train,10,173,0.40010832689703385
train,10,174,0.4922419345241111
train,10,175,0.43088855466078513
train,10,176,0.45307639683552403
train,10,177,0.4919204166212805
train,10,178,0.5369114916485104
train,10,179,0.43135303962769367
train,10,180,0.3551838335087989
train,10,181,0.34181687982419195
train,10,182,0.41936629083245236
train,10,183,0.7844529030450154
train,10,184,0.5728829285864331
train,10,185,0.4386168468392305
train,10,186,0.4378710503862846
train,10,187,0.28294402015728476
train,10,188,0.36408346862558344
train,10,189,0.5261178816353675
train,10,190,0.4319214615190386
train,10,191,0.4620709189446227
train,10,192,0.4587435619514404
train,10,193,0.46798874113256533
train,10,194,0.4858883647075712
train,10,195,0.24724248656048312
train,10,196,0.5389974057660943
train,10,197,0.4942121783362149
train,10,198,0.3512273573938697
train,10,199,0.3667149576255766
train,10,200,0.5759111829138737
train,10,201,0.40573142972129717
train,10,202,0.33691824751072297
train,10,203,0.46979467856944923
train,10,204,0.6793786300864343
train,10,205,0.34439474092820876
train,10,206,0.43179584662366177
train,10,207,0.47158659025706023
train,10,208,0.6387559172428353
train,10,209,0.41144563316731286
train,10,210,0.46928895955950756
train,10,211,0.38711858339029537
train,10,212,0.33632786241093365
train,10,213,0.47620761192399874
train,10,214,0.3603237745222227
train,10,215,0.5217178632313676
train,10,216,0.45492659285415493
train,10,217,0.4507107048622546
train,10,218,0.6024159395970831
train,10,219,0.4099917213147517
train,10,220,0.3844096235530954
train,10,221,0.38464504053068094
train,10,222,0.3353685112830339
train,10,223,0.4948636352968949
train,10,224,0.38818789936823966
train,10,225,0.36895105335553474
train,10,226,0.39082702268839364
train,10,227,0.46545440424218315
train,10,228,0.31730392164064025
train,10,229,0.448413431715207
train,10,230,0.2539382012637676
train,10,231,0.570315827086168
train,10,232,0.2770669670758913
train,10,233,0.4072398934779752
train,10,234,0.41698766828169187
train,10,235,0.36821617436782006
train,10,236,0.332628519889536
train,10,237,0.2666241788545674
train,10,238,0.4409398116981902
train,10,239,0.44878700509795055
train,10,240,0.4649329682305228
train,10,241,0.43595773364934437
train,10,242,0.24754057259964973
train,10,243,0.45986937161595337
train,10,244,0.5577662789639934
train,10,245,0.3606931078639649
train,10,246,0.3043148286385869
train,10,247,0.42332875505485684
train,10,248,0.27473455475944125
train,10,249,0.4756483942495048
train,10,250,0.5921002534331898
train,10,251,0.310596801474783
train,10,252,0.3393533140725918
train,10,253,0.411552510432542
train,10,254,0.6285849581499428
train,10,255,0.5416915634630207
train,10,256,0.5259981056893651
train,10,257,0.2529932473894102
train,10,258,0.4608354217244461
train,10,259,0.5122924036051522
train,10,260,0.4204729899101324
train,10,261,0.4676778401051975
train,10,262,0.3576244951380404
train,10,263,0.3792438120987255
train,10,264,0.2836045663010949
train,10,265,0.34131704320128664
train,10,266,0.3634702680590962
train,10,267,0.5087481524714917
train,10,268,0.3889847460978556
train,10,269,0.4346632908859968
train,10,270,0.3422876161900449
train,10,271,0.37243085231701256
train,10,272,0.4573737508540808
train,10,273,0.6073136670648287
train,10,274,0.44714313663188543
train,10,275,0.6354458132442724
train,10,276,0.4769207270753063
train,10,277,0.365037390714657
train,10,278,0.21344617885956746
train,10,279,0.2562799764747577
train,10,280,0.3400029184114742
train,10,281,0.4416029066048755
train,10,282,0.33666072259813806
train,10,283,0.3370046369439599
train,10,284,0.3546084159010577
train,10,285,0.42990819530088864
train,10,286,0.39363623350124327
train,10,287,0.6519663595196631
train,10,288,0.3441404228241674
train,10,289,0.4143559678546864
train,10,290,0.545461679265508
train,10,291,0.46529731147935466
train,10,292,0.4753790715445303
train,10,293,0.25615483940255834
train,10,294,0.5309940344862526
train,10,295,0.6061400152292613
train,10,296,0.5909367783194635
train,10,297,0.44849160115349734
train,10,298,0.5163513481334433
train,10,299,0.46104026735948844
train,10,300,0.44085303171804546
train,10,301,0.3692001801661596
train,10,302,0.510991122600313
train,10,303,0.55025807843355
train,10,304,0.3852557744459131
train,10,305,0.5492230205016336
train,10,306,0.4609504682521837
train,10,307,0.34565386319876606
train,10,308,0.5394745557042283
train,10,309,0.4301329322521314
train,10,310,0.5069008792553422
train,10,311,0.37764939803541586
train,10,312,0.430520052848828
train,10,313,0.42422260401841627
train,10,314,0.36656633862482957
train,10,315,0.5225251287518621
train,10,316,0.4025996500919355
train,10,317,0.4665319805964612
train,10,318,0.37465726921822173
train,10,319,0.30140313296225896
train,10,320,0.43433145030320297
train,10,321,0.3819858029630194
train,10,322,0.32469397205075906
train,10,323,0.4100084054817472
train,10,324,0.3745355407924128
train,10,325,0.5698355901632629
train,10,326,0.5469447989679851
train,10,327,0.48684393215224664
train,10,328,0.6623420095020578
train,10,329,0.41947302547844767
train,10,330,0.3721114783672237
train,10,331,0.3618272160441508
train,10,332,0.20592660725605202
train,10,333,0.4316614915369641
train,10,334,0.3400521206980377
train,10,335,0.4049870099376782
train,10,336,0.3185903587008648
train,10,337,0.40712264553298166
train,10,338,0.36795799983240696
train,10,339,0.6123859043146072
train,10,340,0.41737214544999846
train,10,341,0.4854962607462163
train,10,342,0.530879605060084
train,10,343,0.3593479604365222
train,10,344,0.44705571595306404
train,10,345,0.5580890685117261
train,10,346,0.3420344981679688
train,10,347,0.4448628901120291
train,10,348,0.522775280486556
train,10,349,0.3887220649095089
train,10,350,0.42699738325627384
train,10,351,0.3009339714810212
train,10,352,0.5468740966792193
train,10,353,0.2826248193745693
train,10,354,0.4235766130777539
train,10,355,0.494603772442642
train,10,356,0.3447169699331003
train,10,357,0.396081217815844
train,10,358,0.28350819239661706
train,10,359,0.3276997629359869
train,10,360,0.3433340860905426
train,10,361,0.32259577849365434
train,10,362,0.2530466691203179
train,10,363,0.4403257514521701
train,10,364,0.6666030376513772
train,10,365,0.3043862914271336
train,10,366,0.40100528288036175
train,10,367,0.3644996214806997
train,10,368,0.37087525722239556
train,10,369,0.4221583508914003
train,10,370,0.35363205093967853
train,10,371,0.5378381696349078
train,10,372,0.40648432378545807
train,10,373,0.5510615209517568
train,10,374,0.4295218946946053
train,10,375,0.47816722288423785
train,10,376,0.3193203914210635
train,10,377,0.30352817241958474
train,10,378,0.5062459406002005
train,10,379,0.36855171009613397
train,10,380,0.43940568000189917
train,10,381,0.44329848436132935
train,10,382,0.440967050936047
train,10,383,0.32654185531827656
train,10,384,0.5848461543619552
train,10,385,0.4648549909940782
train,10,386,0.5617164842941
train,10,387,0.32243870543722875
train,10,388,0.5454879337002287
train,10,389,0.4139050838428652
train,10,390,0.6087932414338019
train,10,391,0.36590609304234484
train,10,392,0.5125945526291666
train,10,393,0.4632620296589005
train,10,394,0.4395169910211679
train,10,395,0.27269022439977997
train,10,396,0.3821776257711931
train,10,397,0.3136215687197711
train,10,398,0.6830762472122838
train,10,399,0.9661118702267508
train,10,400,0.42537850625869905
train,10,401,0.28875857586386217
train,10,402,0.4009589310654916
train,10,403,0.5508130371093299
train,10,404,0.5056405653495899
train,10,405,0.7613250584137977
train,10,406,0.41639436060858004
train,10,407,0.3880884609279313
train,10,408,0.2876444441679368
train,10,409,0.4391286000308989
train,10,410,0.7120765751992895
train,10,411,0.4248199822965629
train,10,412,0.4612936680556749
train,10,413,0.27418890994948875
train,10,414,0.4509819019638527
train,10,415,0.4523669751282168
train,10,416,0.37443784716170625
train,10,417,0.40537098643294955
train,10,418,0.3018787220309331
train,10,419,0.36189276233493467
train,10,420,0.31951203305139886
train,10,421,0.36495358274572454
train,10,422,0.3625621937674721
train,10,423,0.39111083965698673
train,10,424,0.5636143767185273
train,10,425,0.31159518595949964
train,10,426,0.34098025805659604
train,10,427,0.3048392432779212
train,10,428,0.4137319079855085
train,10,429,0.3297079579579301
train,10,430,0.4790760902904619
train,10,431,0.40446750284673627
train,10,432,0.7583856320905589
train,10,433,0.3121025618936925
train,10,434,0.5035466852126755
train,10,435,0.5773421910902161
train,10,436,0.48702804995298027
train,10,437,0.42318323272718605
train,10,438,0.41272936626892764
train,10,439,0.26957426766877257
train,10,440,0.4335148646725463
train,10,441,0.45734010806515657
train,10,442,0.3790577922011109
train,10,443,0.4348359222218703
train,10,444,0.41244481843253494
train,10,445,0.43312281913226397
train,10,446,0.39752811767976315
train,10,447,0.6791430911913756
train,10,448,0.35282181799718726
train,10,449,0.4442266785431502
train,10,450,0.3311794123925813
train,10,451,0.44243985401058267
train,10,452,0.460442524111361
train,10,453,0.5021257128037737
train,10,454,0.5874508213267832
train,10,455,0.41393229667813364
train,10,456,0.7836897822102681
train,10,457,0.5445777519620958
train,10,458,0.4109786967615421
train,10,459,0.4065604631010463
train,10,460,0.4461749705377321
train,10,461,0.2995278790745013
train,10,462,0.661644007542305
train,10,463,0.4305962317265507
train,10,464,0.44085597138563515
train,10,465,0.41652902905995276
train,10,466,0.2978407657869168
train,10,467,0.37983584443184615
train,10,468,0.27145715952083427
train,10,469,0.4603763881143069
train,10,470,0.4794925919962042
train,10,471,0.537992294907937
train,10,472,0.20785067696433082
train,10,473,0.30486853597455266
train,10,474,0.3703696854624716
train,10,475,0.4972168461707573
train,10,476,0.3257634029624934
train,10,477,0.31419576097278124
train,10,478,0.6223365905706508
train,10,479,0.47272747667674575
train,10,480,0.3972951164027446
train,11,1,0.2932951640901092
train,11,2,0.47039737462775016
train,11,3,0.38267725713128287
train,11,4,0.3762039510899468
train,11,5,0.3433304385350532
train,11,6,0.5144644655287678
train,11,7,0.5689670618255418
train,11,8,0.40999019316304175
train,11,9,0.2768860486020156
train,11,10,0.33404378628759634
train,11,11,0.3710480499725422
train,11,12,0.3280245531774023
train,11,13,0.48517964759558824
train,11,14,0.33263460678946666
train,11,15,0.6427046618340126
train,11,16,0.301299224552548
train,11,17,0.7330553913452653
train,11,18,0.4785957892600627
train,11,19,0.3692865861333869
train,11,20,0.28918380555602907
train,11,21,0.4075258623597169
train,11,22,0.4107852955845307
train,11,23,0.37878123435998806
train,11,24,0.4020321824534883
train,11,25,0.44548794324916874
train,11,26,0.37472648889729443
train,11,27,0.4788554868021647
train,11,28,0.3587388993631197
train,11,29,0.4391723898888663
train,11,30,0.43329065939481104
train,11,31,0.4801924123343543
train,11,32,0.41655318838365124
train,11,33,0.36841071654914315
train,11,34,0.39821520806132293
train,11,35,0.273178346637311
train,11,36,0.48483585930644646
train,11,37,0.5255527318135368
train,11,38,0.4695590213590348
train,11,39,0.3332663529648549
train,11,40,0.5102058349093206
train,11,41,0.5272505725545541
train,11,42,0.48359075679875785
train,11,43,0.4310961276203984
train,11,44,0.5557205780962251
train,11,45,0.2722699298365428
train,11,46,0.41635406418814
train,11,47,0.3498668183474096
train,11,48,0.4750688633157081
train,11,49,0.42426378732304293
train,11,50,0.45190318365155924
train,11,51,0.5116221598613564
train,11,52,0.4880053070506414
train,11,53,0.24956738001595896
train,11,54,0.4929661753322171
train,11,55,0.2531542375725936
train,11,56,0.5476891678020466
train,11,57,0.4003888631476101
train,11,58,0.7788190240865289
train,11,59,0.4570324471780895
train,11,60,0.7291654320398029
train,11,61,0.3897205349064084
train,11,62,0.44066986003757724
train,11,63,0.48650084203363075
train,11,64,0.5344429254240444
train,11,65,0.5389672937445906
train,11,66,0.35327648319211824
train,11,67,0.3107748421992779
train,11,68,0.4853136283816748
train,11,69,0.3484366512800817
train,11,70,0.3127882038693814
train,11,71,0.510530524534427
train,11,72,0.5304429795471173
train,11,73,0.5200810243283875
train,11,74,0.42008770895691455
train,11,75,0.4107065694468328
train,11,76,0.45020881012187985
train,11,77,0.4575095045945837
train,11,78,0.5081017345283758
train,11,79,0.4938087549290371
train,11,80,0.37022179114458664
train,11,81,0.4440043346987257
train,11,82,0.41756648453086115
train,11,83,0.559576339988983
train,11,84,0.6468039360033488
train,11,85,0.5136468572912677
train,11,86,0.37942610972351465
train,11,87,0.35462493573796766
train,11,88,0.4488237673112909
train,11,89,0.6191219727095998
train,11,90,0.4024803059445394
train,11,91,0.5750707988453629
train,11,92,0.47369154214064985
train,11,93,0.38171946374690996
train,11,94,0.4294645680285118
train,11,95,0.4552368695439508
train,11,96,0.38517419794219854
train,11,97,0.5320785306644732
train,11,98,0.31299004769174876
train,11,99,0.4654831762661012
train,11,100,0.4707861860917203
train,11,101,0.3852336595531024
train,11,102,0.47286529507303976
train,11,103,0.474503370009258
train,11,104,0.4372429835077291
train,11,105,0.37734040913408323
train,11,106,0.6878710149943595
train,11,107,0.35279638944394165
train,11,108,0.33330424319132707
train,11,109,0.44638461478258495
train,11,110,0.44199067329120345
train,11,111,0.43004402089636173
train,11,112,0.36974663904395755
train,11,113,0.49378268465641484
train,11,114,0.4682319756628077
train,11,115,0.4952420269100172
train,11,116,0.5128544007257201
train,11,117,0.41589736949247214
train,11,118,0.2618014316705187
train,11,119,0.4144894068539942
train,11,120,0.5113339257539876
train,11,121,0.49303267282483804
train,11,122,0.40041111354858455
train,11,123,0.39080996909709576
train,11,124,0.462299253830628
train,11,125,0.38490997127927573
train,11,126,0.36487918550328025
train,11,127,0.43837092283719264
train,11,128,0.42811766406418494
train,11,129,0.3589827793969423
train,11,130,0.4111563117355883
train,11,131,0.32182089157771593
train,11,132,0.416190680381048
train,11,133,0.4901148412128911
train,11,134,0.3294462169478723
train,11,135,0.6823925545888232
train,11,136,0.5992151442475395
train,11,137,0.7107648459975926
train,11,138,0.4743573067035265
train,11,139,0.34932458502485386
train,11,140,0.3877662784253251
train,11,141,0.40463438260248275
train,11,142,0.3188051060860968
train,11,143,0.6418786566864301
train,11,144,0.5757463597799627
train,11,145,0.42305094766634976
train,11,146,0.38992607689987147
train,11,147,0.477722126162713
train,11,148,0.34506181320308704
train,11,149,0.5432172845818073
train,11,150,0.27584934779000747
train,11,151,0.4936825154481217
train,11,152,0.4111824253735761
train,11,153,0.4625521840587338
train,11,154,0.3338399269115756
train,11,155,0.3585793951225368
train,11,156,0.44636500946574587
train,11,157,0.4050678554023507
train,11,158,0.6406126177419356
train,11,159,0.5765941078756343
train,11,160,0.40377053731971335
train,11,161,0.3854481502609497
train,11,162,0.3324942809704561
train,11,163,0.6197597212239501
train,11,164,0.41109014744992045
train,11,165,0.44353783977040384
train,11,166,0.4716562910671668
train,11,167,0.4459254383074479
train,11,168,0.3114584686200672
train,11,169,0.4703938835442556
train,11,170,0.40832660192980325
train,11,171,0.44567177501006494
train,11,172,0.2810478598343189
train,11,173,0.3855496639050858
train,11,174,0.2904351756702308
train,11,175,0.5911364472743342
train,11,176,0.5083973843330554
train,11,177,0.37565823275918797
train,11,178,0.4954566225925836
train,11,179,0.3228097818090505
train,11,180,0.43700113035938515
train,11,181,0.4425335431901498
train,11,182,0.3696293924783446
train,11,183,0.2027305210327962
train,11,184,0.33805674180970474
train,11,185,0.44858585529311323
train,11,186,0.5425098115310636
train,11,187,0.4413681305062348
train,11,188,0.2904610152475616
train,11,189,0.46544613969253945
train,11,190,0.6280195529322214
train,11,191,0.43455647661346475
train,11,192,0.3546652278475584
train,11,193,0.6091425375504467
train,11,194,0.37610862137298795
train,11,195,0.44004234419344346
train,11,196,0.4847733800172585
train,11,197,0.3048033115771754
train,11,198,0.39256163988362075
train,11,199,0.46029057833037784
train,11,200,0.48052892020033416
train,11,201,0.5045998883499005
train,11,202,0.4097845610261424
train,11,203,0.42160253851856844
train,11,204,0.36028400597949345
train,11,205,0.4226991818380819
train,11,206,0.402863719891045
train,11,207,0.36707331396203124
train,11,208,0.437788312954457
train,11,209,0.356996350912139
train,11,210,0.38148607239698
train,11,211,0.4660703167911401
train,11,212,0.4259286472162641
train,11,213,0.5294593402178625
train,11,214,0.4917117195973024
train,11,215,0.4770969300720709
train,11,216,0.3644027603134781
train,11,217,0.36033394871352264
train,11,218,0.33285290123197947
train,11,219,0.3224579648541566
train,11,220,0.7147769475489191
train,11,221,0.3128537422111524
train,11,222,0.4085548461960714
train,11,223,0.4201341550720626
train,11,224,0.2937878135881452
train,11,225,0.5003082635469704
train,11,226,0.3574679412668411
train,11,227,0.3807179277394742
train,11,228,0.37595922545846266
train,11,229,0.48915974242961946
train,11,230,0.5588322190522563
train,11,231,0.38134883452256807
train,11,232,0.5110010686137387
train,11,233,0.41926274814823083
train,11,234,0.49704199358213597
train,11,235,0.26916145717750883
train,11,236,0.4898942655070143
train,11,237,0.6427597611885044
train,11,238,0.321701263302421
train,11,239,0.52212371577338
train,11,240,0.5315159997513255
train,11,241,0.4424684685040132
train,11,242,0.3407300007412364
train,11,243,0.43264508845430416
train,11,244,0.3058284736309268
train,11,245,0.31798999208984324
train,11,246,0.3638263819923893
train,11,247,0.48207133635199584
train,11,248,0.27520844861849303
train,11,249,0.3352082435255101
train,11,250,0.29433490128924705
train,11,251,0.4838593027262629
train,11,252,0.4147873886113307
train,11,253,0.400139125513323
train,11,254,0.457832967709141
train,11,255,0.4767519486970539
train,11,256,0.8114965377415837
train,11,257,0.26449074730140354
train,11,258,0.3382981275821867
train,11,259,0.400085628294367
train,11,260,0.3939947191305451
train,11,261,0.4387194240289213
train,11,262,0.3061464886835028
train,11,263,0.4304455908296606
train,11,264,0.2709490643746363
train,11,265,0.1653627914481007
train,11,266,0.28324530927487873
train,11,267,0.3421855922249495
train,11,268,0.4197421658479624
train,11,269,0.35802215347038135
train,11,270,0.411204495930373
train,11,271,0.37470465242496764
train,11,272,0.40230963110790097
train,11,273,0.3374327943703439
train,11,274,0.35990930617816086
train,11,275,0.37594924098496973
train,11,276,0.31769803032399957
train,11,277,0.3499652226971689
train,11,278,0.4517568051290538
train,11,279,0.4426482843487957
train,11,280,0.5316340372934988
train,11,281,0.2605875928775613
train,11,282,0.4600261511307384
train,11,283,0.40031929999140886
train,11,284,0.6234675928566505
train,11,285,0.38178855935656947
train,11,286,0.5193772955442945
train,11,287,0.3909998955263876
train,11,288,0.40611890969208153
train,11,289,0.4198929007529517
train,11,290,0.44986203296389815
train,11,291,0.2707170156013314
train,11,292,0.5902956482392874
train,11,293,0.3356896243654687
train,11,294,0.5147961734305244
train,11,295,0.26025262505134034
train,11,296,0.42078727179631686
train,11,297,0.38463419632632817
train,11,298,0.4533456876410119
train,11,299,0.47707429226210707
train,11,300,0.5780306944599284
train,11,301,0.3634427225405054
train,11,302,0.3629386130382359
train,11,303,0.3112529066815648
train,11,304,0.2762976109472251
train,11,305,0.4045719369090709
train,11,306,0.2831887826044534
train,11,307,0.39884357356746186
train,11,308,0.4433068304638907
train,11,309,0.40340848377895805
train,11,310,0.45058005334631757
train,11,311,0.3898174733254619
train,11,312,0.3268370459649464
train,11,313,0.40974423278224403
train,11,314,0.3549893853414535
train,11,315,0.4967637714494746
train,11,316,0.46244355449908536
train,11,317,0.31224423119818406
train,11,318,0.3439874141962189
train,11,319,0.27992326203367535
train,11,320,0.40951769334797694
train,11,321,0.46255531915050746
train,11,322,0.22493870746230124
train,11,323,0.2969448176174537
train,11,324,0.3531482995196421
train,11,325,0.5088993991173933
train,11,326,0.5082311481401036
train,11,327,0.511654359560459
train,11,328,0.4583983708624917
train,11,329,0.49334157600324313
train,11,330,0.36830643894237614
train,11,331,0.39441150147514215
train,11,332,0.44345568002820335
train,11,333,0.5279869131278934
train,11,334,0.5219337480213702
train,11,335,0.48922600493939056
train,11,336,0.3640256555509971
train,11,337,0.3997141490055022
train,11,338,0.35899679875123774
train,11,339,0.4894064549995546
train,11,340,0.41460121098070507
train,11,341,0.24045123540524543
train,11,342,0.4691068496423124
train,11,343,0.4894007340841415
train,11,344,0.39224407769555325
train,11,345,0.3339313655256501
train,11,346,0.3149761850604207
train,11,347,0.6082662553132705
train,11,348,0.3242548760865791
train,11,349,0.4550662969300747
train,11,350,0.5197431360051044
train,11,351,0.2740247200091747
train,11,352,0.6196774921375549
train,11,353,0.42357512259321967
train,11,354,0.4366033294688597
train,11,355,0.478151636402359
train,11,356,0.4890296782082095
train,11,357,0.37456623879978584
train,11,358,0.5743799164999602
train,11,359,0.3675456359389293
train,11,360,0.5740025408642627
train,11,361,0.38062767307158707
train,11,362,0.4110604717355415
train,11,363,0.38742157978718583
train,11,364,0.4443546964105794
train,11,365,0.5206069548607539
train,11,366,0.3479157902993205
train,11,367,0.5945647475690327
train,11,368,0.34705278142817103
train,11,369,0.4183228710753525
train,11,370,0.33331455738086024
train,11,371,0.414002532452012
train,11,372,0.48958166382613566
train,11,373,0.45181752992471963
train,11,374,0.45452608325095467
train,11,375,0.4859142171107261
train,11,376,0.30496458211628935
train,11,377,0.4464490108872605
train,11,378,0.34806531698166526
train,11,379,0.5099457239556895
train,11,380,0.5987036330238202
train,11,381,0.33368509469781377
train,11,382,0.5384234939865532
train,11,383,0.4844182382324263
train,11,384,0.5170843773474909
train,11,385,0.42742300734406946
train,11,386,0.4815951678408051
train,11,387,0.48832975215564206
train,11,388,0.361410570827323
train,11,389,0.39298685028253133
train,11,390,0.4086461973121793
train,11,391,0.31561575456738933
train,11,392,0.350119754654813
train,11,393,0.4832772667284455
train,11,394,0.3719031430073689
train,11,395,0.38873092205565146
train,11,396,0.36684674439591336
train,11,397,0.37511403311213476
train,11,398,0.6314458627285415
train,11,399,0.5093685392294709
train,11,400,0.517678930908508
train,11,401,0.401099116414663
train,11,402,0.49434799519285044
train,11,403,0.32828842307724104
train,11,404,0.4159467018827668
train,11,405,0.4689395447295098
train,11,406,0.40576984794841375
train,11,407,0.3180180507262107
train,11,408,0.5036475708358508
train,11,409,0.47271289963068763
train,11,410,0.3269945540300898
train,11,411,0.37152723949453625
train,11,412,0.3841129885442047
train,11,413,0.41661157548146477
train,11,414,0.6046717924221428
train,11,415,0.3859087850820253
train,11,416,0.3800768193148768
train,11,417,0.5965734209646443
train,11,418,0.3666087221545816
train,11,419,0.27576756838290073
train,11,420,0.4232361542006006
train,11,421,0.3773065308944066
train,11,422,0.5416462962751821
train,11,423,0.479029495589979
train,11,424,0.32441878313909867
train,11,425,0.42821142208214247
train,11,426,0.3390355186973516
train,11,427,0.37900390682767265
train,11,428,0.34247243915581016
train,11,429,0.39634492650419006
train,11,430,0.489236941899377
train,11,431,0.8504717206342696
train,11,432,0.46802953344609066
train,11,433,0.4705485112106995
train,11,434,0.4974619665308252
train,11,435,0.5036882038162706
train,11,436,0.4624728831921349
train,11,437,0.45347351575418904
train,11,438,0.4694358725195051
train,11,439,0.5371728887800522
train,11,440,0.586521691152313
train,11,441,0.6603895274190592
train,11,442,0.4523513229226252
train,11,443,0.28075903095869936
train,11,444,0.5042003693412991
train,11,445,0.5967773748856212
train,11,446,0.34855753528607614
train,11,447,0.5166154753565434
train,11,448,0.3988975594259234
train,11,449,0.5308465090852286
train,11,450,0.29626565487195844
train,11,451,0.4229420449699138
train,11,452,0.6556592993473206
train,11,453,0.3456672975922578
train,11,454,0.26264085930105285
train,11,455,0.33134697505983873
train,11,456,0.3390659610131356
train,11,457,0.43523486127789546
train,11,458,0.3583151027910735
train,11,459,0.3809658164913455
train,11,460,0.4264439595257494
train,11,461,0.44648693697240754
train,11,462,0.374092047947728
train,11,463,0.2814232859838639
train,11,464,0.4122497834782494
train,11,465,0.4381735499713277
train,11,466,0.4218680859139593
train,11,467,0.23518045248811703
train,11,468,0.5118055778425599
train,11,469,0.4258961436969508
train,11,470,0.3612846572365803
train,11,471,0.43797534267577676
train,11,472,0.39613813807522835
train,11,473,0.4144844664184961
train,11,474,0.2941797526851574
train,11,475,0.3706830258099376
train,11,476,0.539582021884529
train,11,477,0.3677917533421343
train,11,478,0.21842188582888267
train,11,479,0.42406578009763085
train,11,480,0.459878056728772
train,12,1,0.3517685751991205
train,12,2,0.5210556731896294
train,12,3,0.4059462870603269
train,12,4,0.35807188851799243
train,12,5,0.49234428865707786
train,12,6,0.4042411527163379
train,12,7,0.4894752026279494
train,12,8,0.3329852197973143
train,12,9,0.3813376284111183
train,12,10,0.2832415039905077
train,12,11,0.43640744911919127
train,12,12,0.43308175594746356
train,12,13,0.37716302849347877
train,12,14,0.599604859405769
train,12,15,0.32303327449487107
train,12,16,0.37605114428091163
train,12,17,0.4229804458124242
train,12,18,0.6708625837907368
train,12,19,0.5832327993975355
train,12,20,0.47565860190254816
train,12,21,0.32355221954195734
train,12,22,0.3492442694057843
train,12,23,0.4078645973937708
train,12,24,0.3067084296417045
train,12,25,0.23620088257806995
train,12,26,0.34066383065125233
train,12,27,0.37649366069034457
train,12,28,0.4234266397056693
train,12,29,0.4101922019139159
train,12,30,0.43310292427761
train,12,31,0.515993073478934
train,12,32,0.5557846334806789
train,12,33,0.451054158252843
train,12,34,0.31174862364082107
train,12,35,0.4749020150439471
train,12,36,0.4541972574379274
train,12,37,0.545635413313726
train,12,38,0.48396080801409175
train,12,39,0.3566710689264262
train,12,40,0.3970732971786285
train,12,41,0.3899279144200376
train,12,42,0.33181199685183793
train,12,43,0.3684066175504579
train,12,44,0.29180772473480715
train,12,45,0.4282875919878817
train,12,46,0.3026867102105647
train,12,47,0.3543616504152556
train,12,48,0.35237291035835927
train,12,49,0.47914205561753037
train,12,50,0.3814195846537936
train,12,51,0.27599808319130015
train,12,52,0.3359502202963432
train,12,53,0.3449730882145047
train,12,54,0.44383507393706745
train,12,55,0.3430255817107366
train,12,56,0.4733934897766791
train,12,57,0.28014489804840415
train,12,58,0.2627593282779759
train,12,59,0.42528037432929866
train,12,60,0.4196355485458847
train,12,61,0.3569227782097789
train,12,62,0.2819244450647471
train,12,63,0.4186755776463187
train,12,64,0.43455649580035727
train,12,65,0.33921912767175055
train,12,66,0.6089178843583123
train,12,67,0.43298454777339745
train,12,68,0.3854930762576916
train,12,69,0.7060594457326167
train,12,70,0.43634302221361465
train,12,71,0.5679555008137043
train,12,72,0.3300818634572064
train,12,73,0.38886611540410254
train,12,74,0.4251725504091305
train,12,75,0.37845601052643096
train,12,76,0.26808886078944744
train,12,77,0.40837415006925976
train,12,78,0.4965031888213858
train,12,79,0.5430666408288458
train,12,80,0.36306248088731263
train,12,81,0.41736807561720635
train,12,82,0.3875082713623402
train,12,83,0.4584848304021016
train,12,84,0.38456382102506703
train,12,85,0.2504666208784264
train,12,86,0.3737361683185172
train,12,87,0.37630712353719364
train,12,88,0.352855104671673
train,12,89,0.45316723384433644
train,12,90,0.5184420845204254
train,12,91,0.3163455185437876
train,12,92,0.35331854695264586
train,12,93,0.49321660067194556
train,12,94,0.3221834736106679
train,12,95,0.4097153535648815
train,12,96,0.19765556151761252
train,12,97,0.47011034288826703
train,12,98,0.49967696877944484
train,12,99,0.4221597986615609
train,12,100,0.3701676720512104
train,12,101,0.45601725974441165
train,12,102,0.6230117165952013
train,12,103,0.4303245892012759
train,12,104,0.454660664655835
train,12,105,0.36324993352434626
train,12,106,0.3080695003690335
train,12,107,0.38610217838840555
train,12,108,0.6243062048251158
train,12,109,0.27681049075500236
train,12,110,0.49538821735692
train,12,111,0.3581930862332665
train,12,112,0.5401453141523548
train,12,113,0.33205406029871576
train,12,114,0.33789935554548123
train,12,115,0.3311009702571541
train,12,116,0.2732910641371094
train,12,117,0.46580538507490227
train,12,118,0.48411331834046745
train,12,119,0.31891875605314723
train,12,120,0.5616161976801783
train,12,121,0.549591205399082
train,12,122,0.46327779883443465
train,12,123,0.32926895524287736
train,12,124,0.35899957009361216
train,12,125,0.3892854289481392
train,12,126,0.3245478922941766
train,12,127,0.2829178728206089
train,12,128,0.6506320206410683
train,12,129,0.4462143355925967
train,12,130,0.4255621316437816
train,12,131,0.41009378230043886
train,12,132,0.2704491759547818
train,12,133,0.6436185581244984
train,12,134,0.3710318360816626
train,12,135,0.5008650468526684
train,12,136,0.32521990854854543
train,12,137,0.43340097799461963
train,12,138,0.40860428236487356
train,12,139,0.5586957323675966
train,12,140,0.4450306585658003
train,12,141,0.509932490718517
train,12,142,0.4308942092893622
train,12,143,0.41989229926154403
train,12,144,0.3645901887715777
train,12,145,0.5051445429460589
train,12,146,0.5576813597410745
train,12,147,0.4247195718414299
train,12,148,0.4039911722932127
train,12,149,0.4794375052330955
train,12,150,0.4778101518845224
train,12,151,0.4361551732572271
train,12,152,0.40917265250718693
train,12,153,0.42432317870314873
train,12,154,0.5059795817484674
train,12,155,0.3016949532310729
train,12,156,0.271245664269228
train,12,157,0.37951025831063634
train,12,158,0.3341346957024939
train,12,159,0.3356605591383065
train,12,160,0.4669038436633137
train,12,161,0.8409782867115437
train,12,162,0.5168890366411432
train,12,163,0.25951978642862994
train,12,164,0.35479936886763846
train,12,165,0.39466855649951216
train,12,166,0.3821180527352825
train,12,167,0.6446388113769359
train,12,168,0.2843015971781415
train,12,169,0.312328091270597
train,12,170,0.33025905879215756
train,12,171,0.38172272308915656
train,12,172,0.42739249783112016
train,12,173,0.28356513105409287
train,12,174,0.5121416477254764
train,12,175,0.34315222155264224
train,12,176,0.3061725094934422
train,12,177,0.45884069975340436
train,12,178,0.7354439685974874
train,12,179,0.3960462538909644
train,12,180,0.5327025672904533
train,12,181,0.5011398189157629
train,12,182,0.3019995543051511
train,12,183,0.437918432059553
train,12,184,0.31864349905808004
train,12,185,0.520440904177004
train,12,186,0.525484965500365
train,12,187,0.4361070388601331
train,12,188,0.501455353811066
train,12,189,0.6077888557225415
train,12,190,0.510544990473442
train,12,191,0.597956554173143
train,12,192,0.48431891202422506
train,12,193,0.4171702896087224
train,12,194,0.3993184030779299
train,12,195,0.3620466159716482
train,12,196,0.4374537110372421
train,12,197,0.5443094096274772
train,12,198,0.35153243683953345
train,12,199,0.49474640012366516
train,12,200,0.3573308717436603
train,12,201,0.4641112837101026
train,12,202,0.3642510146872125
train,12,203,0.41632327208044023
train,12,204,0.5004378173590203
train,12,205,0.4029817836374719
train,12,206,0.3931063371424547
train,12,207,0.5081967509852774
train,12,208,0.3618911223900489
train,12,209,0.5783870987753126
train,12,210,0.3421175554914757
train,12,211,0.36908188237371625
train,12,212,0.5127958399708182
train,12,213,0.3178992863563944
train,12,214,0.37602479311811743
train,12,215,0.4020041483600821
train,12,216,0.45310404122728964
train,12,217,0.5161075664087691
train,12,218,0.3697424931481449
train,12,219,0.4128545424451405
train,12,220,0.3694693696451468
train,12,221,0.45272215018940154
train,12,222,0.45007762466746853
train,12,223,0.5181197767840319
train,12,224,0.43917753042963315
train,12,225,0.3755605248948648
train,12,226,0.5747899454007895
train,12,227,0.4316353742044957
train,12,228,0.4642613002765813
train,12,229,0.5292802738981194
train,12,230,0.4190412556468445
train,12,231,0.4652046226862437
train,12,232,0.5095710511628926
train,12,233,0.2566065780209226
train,12,234,0.3128202691624866
train,12,235,0.3637975463026831
train,12,236,0.2741891675271464
train,12,237,0.5918196028536652
train,12,238,0.35514921328845883
train,12,239,0.4110627475704586
train,12,240,0.49889864584808435
train,12,241,0.38662217092861223
train,12,242,0.45319823576635915
train,12,243,0.4237730973005658
train,12,244,0.3994466633737564
train,12,245,0.486174640902739
train,12,246,0.4529999458687688
train,12,247,0.3856396887695591
train,12,248,0.3523873611199516
train,12,249,0.46426194371059804
train,12,250,0.46658494875844725
train,12,251,0.6943201316619023
train,12,252,0.3330346583591454
train,12,253,0.3157109108365511
train,12,254,0.2852505153714996
train,12,255,0.30221475712459944
train,12,256,0.36555385421407055
train,12,257,0.3464298696402475
train,12,258,0.38253720695355686
train,12,259,0.5036027535308907
train,12,260,0.32184824888321667
train,12,261,0.47168635401988934
train,12,262,0.3303325696595196
train,12,263,0.35399700421166985
train,12,264,0.331012305797891
train,12,265,0.371330680905773
train,12,266,0.44501644605279844
train,12,267,0.4727978239332349
train,12,268,0.6021523272170394
train,12,269,0.6225972806618414
train,12,270,0.5498101770695929
train,12,271,0.33384853759909294
train,12,272,0.5790613196766564
train,12,273,0.4117094878058625
train,12,274,0.48865881935592176
train,12,275,0.4267284271803152
train,12,276,0.46649921829636015
train,12,277,0.4228785795288509
train,12,278,0.3680754707895808
train,12,279,0.5774265552758012
train,12,280,0.5017255309283729
train,12,281,0.29913971190218436
train,12,282,0.40902869285388416
train,12,283,0.3144947104051245
train,12,284,0.4228074851079018
train,12,285,0.42499528530600517
train,12,286,0.4714811877085787
train,12,287,0.268177712284948
train,12,288,0.5342166403427097
train,12,289,0.3905635415106029
train,12,290,0.3854892277685204
train,12,291,0.45835203281932413
train,12,292,0.43534869415024213
train,12,293,0.3301474476327146
train,12,294,0.3699092305141797
train,12,295,0.3870573956530282
train,12,296,0.3809432583825597
train,12,297,0.33918194942065205
train,12,298,0.3395848623022986
train,12,299,0.3946673421566643
train,12,300,0.23963015645841437
train,12,301,0.46683991298292904
train,12,302,0.38881384059832746
train,12,303,0.26069112739056566
train,12,304,0.5180541232592607
train,12,305,0.5561221155776168
train,12,306,0.3489639325651966
train,12,307,0.4717368451506109
train,12,308,0.4898002773461001
train,12,309,0.4394304671338133
train,12,310,0.30052267638300434
train,12,311,0.31695640187409135
train,12,312,0.6317055844732584
train,12,313,0.3074495873272064
train,12,314,0.5733781303051991
train,12,315,0.413946675058521
train,12,316,0.5101405221417826
train,12,317,0.5976821627326673
train,12,318,0.3070467350191992
train,12,319,0.6521078484882504
train,12,320,0.31205769072466377
train,12,321,0.5728889139648322
train,12,322,0.4288228457564153
train,12,323,0.38844241572372734
train,12,324,0.3159359636813148
train,12,325,0.4199970461951714
train,12,326,0.5941923362388835
train,12,327,0.4774308776837195
train,12,328,0.4643743608716812
train,12,329,0.6186931896516388
train,12,330,0.46301146982622904
train,12,331,0.2823148975105637
train,12,332,0.29039309072441183
train,12,333,0.45917636116111626
train,12,334,0.3134265536092937
train,12,335,0.27473159635758143
train,12,336,0.4117429464621407
train,12,337,0.4461610433327183
train,12,338,0.3877674496257579
train,12,339,0.31004363264680673
train,12,340,0.4049385188982875
train,12,341,0.5146924124663623
train,12,342,0.3886206724483032
train,12,343,0.47277978487535527
train,12,344,0.36449594375311495
train,12,345,0.2617288934758996
train,12,346,0.3033868841811831
train,12,347,0.46865350505212805
train,12,348,0.604321179492615
train,12,349,0.370368043891229
train,12,350,0.6590194732616544
train,12,351,0.44840194211635115
train,12,352,0.37159291493109675
train,12,353,0.384756881377028
train,12,354,0.2763026339990545
train,12,355,0.5387519956198867
train,12,356,0.4114802832680298
train,12,357,0.32410633209621587
train,12,358,0.3853920630776577
train,12,359,0.5812381462839444
train,12,360,0.47164950680200624
train,12,361,0.48615307956118137
train,12,362,0.49623584950815114
train,12,363,0.3947467057495634
train,12,364,0.35388716947909693
train,12,365,0.40693817998462073
train,12,366,0.4791044807370459
train,12,367,0.2645810233192517
train,12,368,0.4677508120985374
train,12,369,0.43346487371170495
train,12,370,0.4645449601013356
train,12,371,0.40115936190067336
train,12,372,0.49116869610748526
train,12,373,0.3838815097717264
train,12,374,0.4540841157336303
train,12,375,0.36136516235999383
train,12,376,0.40846535813505536
train,12,377,0.5607742280615455
train,12,378,0.48443032716142986
train,12,379,0.33500793910471116
train,12,380,0.49358850616260885
train,12,381,0.30735500784212616
train,12,382,0.3274521245952058
train,12,383,0.4486478014815619
train,12,384,0.6522453217505182
train,12,385,0.4351469882984659
train,12,386,0.5695485519128181
train,12,387,0.3631702488384765
train,12,388,0.3500981299105016
train,12,389,0.31345443439397963
train,12,390,0.3850132608666924
train,12,391,0.3815419495865048
train,12,392,0.6142882639608327
train,12,393,0.5826901121073464
train,12,394,0.5437903594548996
train,12,395,0.3568645705620609
train,12,396,0.38041923887292056
train,12,397,0.3329593545743618
train,12,398,0.3070858820806158
train,12,399,0.2958225747777475
train,12,400,0.45170139505143125
train,12,401,0.35359246479142215
train,12,402,0.4431709807674963
train,12,403,0.6542376409391171
train,12,404,0.46431354534963054
train,12,405,0.35240050232581865
train,12,406,0.4591453715711343
train,12,407,0.4188720821263734
train,12,408,0.3436576614416517
train,12,409,0.43131533103744946
train,12,410,0.3621230000345086
train,12,411,0.39513512319856614
train,12,412,0.6098940635503409
train,12,413,0.2613716413934549
train,12,414,0.45657593152585674
train,12,415,0.3974304839090126
train,12,416,0.4998280050828766
train,12,417,0.3745818938020724
train,12,418,0.3108405520268027
train,12,419,0.3536692225663747
train,12,420,0.6114003116703748
train,12,421,0.33580073491959994
train,12,422,0.4228172908431433
train,12,423,0.7435334223854229
train,12,424,0.29889639599973905
train,12,425,0.4275050390590466
train,12,426,0.42018379844842735
train,12,427,0.4240514694991478
train,12,428,0.33999654640948473
train,12,429,0.406277270743977
train,12,430,0.25405739227850027
train,12,431,0.4007956541163862
train,12,432,0.6301068195094746
train,12,433,0.35337839546161576
train,12,434,0.41034917821712014
train,12,435,0.34951561000700965
train,12,436,0.5429381290941265
train,12,437,0.46174131518265826
train,12,438,0.43922790136887885
train,12,439,0.5188072404049106
train,12,440,0.2483552646137915
train,12,441,0.5111132556850357
train,12,442,0.43728535437372174
train,12,443,0.4847493073717145
train,12,444,0.5516803937628203
train,12,445,0.386432585988698
train,12,446,0.5610927067654308
train,12,447,0.34644956387073766
train,12,448,0.4118412193032442
train,12,449,0.3980134444545663
train,12,450,0.2803799435587854
train,12,451,0.379648916100721
train,12,452,0.3391421091165884
train,12,453,0.39416582418307944
train,12,454,0.4220093809075368
train,12,455,0.5037842828076988
train,12,456,0.3362928602839029
train,12,457,0.28597906344362933
train,12,458,0.2630050691565955
train,12,459,0.29595361837640577
train,12,460,0.4484176770463251
train,12,461,0.39522096616781677
train,12,462,0.3295281183526054
train,12,463,0.3909465031336278
train,12,464,0.5985010258885956
train,12,465,0.6957053284111822
train,12,466,0.5538875658189879
train,12,467,0.346710586760803
train,12,468,0.5421234092940632
train,12,469,0.37843418758888625
train,12,470,0.7096921591089967
train,12,471,0.4095472170488876
train,12,472,0.3170892305332178
train,12,473,0.3916333005201943
train,12,474,0.5837706040028321
train,12,475,0.5358752520798307
train,12,476,0.5815894679931346
train,12,477,0.4356234195610995
train,12,478,0.5221501793718848
train,12,479,0.3903940850830814
train,12,480,0.48343607101836256
train,13,1,0.6467744469164107
train,13,2,0.5585426103793857
train,13,3,0.31021719770124445
train,13,4,0.6827199233325967
train,13,5,0.4453562117354163
train,13,6,0.43250619985714334
train,13,7,0.5488085358537482
train,13,8,0.40491746275189233
train,13,9,0.412424371458756
train,13,10,0.5064083918473177
train,13,11,0.5658444818719356
train,13,12,0.4032262180287989
train,13,13,0.46637160599184074
train,13,14,0.41539974516227746
train,13,15,0.29696306790568205
train,13,16,0.36824335662247654
train,13,17,0.40905549562096516
train,13,18,0.28808140369994684
train,13,19,0.36787591367497374
train,13,20,0.23103933014104797
train,13,21,0.6983565537930643
train,13,22,0.5113399984882536
train,13,23,0.44332424292020034
train,13,24,0.3796138451747272
train,13,25,0.46006040981517365
train,13,26,0.36642885920641716
train,13,27,0.4257442187612997
train,13,28,0.49061975839468674
train,13,29,0.4210306193551975
train,13,30,0.3324257420828333
train,13,31,0.4686270658277514
train,13,32,0.3135898219831877
train,13,33,0.39132374882980114
train,13,34,0.38265272007225615
train,13,35,0.5090471892461239
train,13,36,0.5446755681030924
train,13,37,0.5546335660051749
train,13,38,0.32939311360616985
train,13,39,0.3287535248042335
train,13,40,0.44977391630658864
train,13,41,0.3772167469080652
train,13,42,0.5878679202066026
train,13,43,0.4684388347863154
train,13,44,0.48438608073409495
train,13,45,0.6803524327478563
train,13,46,0.34991659039270906
train,13,47,0.423364578210172
train,13,48,0.4835025443387732
train,13,49,0.33792339433357316
train,13,50,0.442021114722458
train,13,51,0.7061362407206143
train,13,52,0.39389105031949323
train,13,53,0.5229077526560086
train,13,54,0.4320944783108408
train,13,55,0.27336669285225246
train,13,56,0.5071143813063034
train,13,57,0.3109055701448223
train,13,58,0.40545070659485527
train,13,59,0.5494707646949699
train,13,60,0.45606318543724156
train,13,61,0.2837835746922497
train,13,62,0.27380548459416704
train,13,63,0.2677860319374944
train,13,64,0.24057646670694538
train,13,65,0.37290684815793784
train,13,66,0.25312729892319946
train,13,67,0.5936630912522458
train,13,68,0.5123149771253276
train,13,69,0.358418820505362
train,13,70,0.2961617255249418
train,13,71,0.5521193107120027
train,13,72,0.47175920741070465
train,13,73,0.6316460571297805
train,13,74,0.4165086321327267
train,13,75,0.3243764144881963
train,13,76,0.43380257564790314
train,13,77,0.33453372524125385
train,13,78,0.6752148526752207
train,13,79,0.4011837304848131
train,13,80,0.39975725411231916
train,13,81,0.29419326836989657
train,13,82,0.4536303433964248
train,13,83,0.2526780452569532
train,13,84,0.5472327249942468
train,13,85,0.41020929606741013
train,13,86,0.5143098433243999
train,13,87,0.35694970005999616
train,13,88,0.4035372615967318
train,13,89,0.39901930648696193
train,13,90,0.3932515087312871
train,13,91,0.35394575689072827
train,13,92,0.3971240396932872
train,13,93,0.43237680175161897
train,13,94,0.33632513449985013
train,13,95,0.5647768710718232
train,13,96,0.546688346716972
train,13,97,0.3161512083008522
train,13,98,0.42290151459398284
train,13,99,0.5124865270824931
train,13,100,0.37420048652449256
train,13,101,0.24935453362218746
train,13,102,0.39599088924560927
train,13,103,0.4326008583716485
train,13,104,0.7872765968884772
train,13,105,0.5347740487056558
train,13,106,0.3064277869777619
train,13,107,0.5178725894757756
train,13,108,0.4520859148457413
train,13,109,0.6756751306969377
train,13,110,0.47063171889730837
train,13,111,0.31149481208034285
train,13,112,0.5346992327765996
train,13,113,0.36537518275668013
train,13,114,0.38029981141883185
train,13,115,0.46277460122334796
train,13,116,0.37846957239959067
train,13,117,0.37588512669487956
train,13,118,0.34062418307409126
train,13,119,0.5303083525009894
train,13,120,0.6489161923594063
train,13,121,0.4820074540358591
train,13,122,0.5436296868201671
train,13,123,0.391291464888638
train,13,124,0.47497921942882676
train,13,125,0.40752774347428977
train,13,126,0.41284881378179605
train,13,127,0.5273922283950281
train,13,128,0.37887761961160893
train,13,129,0.28620586630832684
train,13,130,0.421903696495589
train,13,131,0.5359265640507569
train,13,132,0.3306290397150204
train,13,133,0.5627152653506031
train,13,134,0.4997579551918283
train,13,135,0.2175798409881568
train,13,136,0.4632127812835454
train,13,137,0.3172642689194667
train,13,138,0.5110960659810042
train,13,139,0.34919836481996236
train,13,140,0.6439748593219069
train,13,141,0.4548249044037258
train,13,142,0.44050166529093926
train,13,143,0.31794353147481624
train,13,144,0.3597638062344208
train,13,145,0.48812803252620984
train,13,146,0.42677323304149306
train,13,147,0.4267755230590615
train,13,148,0.45930501839512256
train,13,149,0.3133062277029265
train,13,150,0.5138143968227091
train,13,151,0.2787096560520521
train,13,152,0.42357602987673987
train,13,153,0.2965639968711695
train,13,154,0.5177078103935039
train,13,155,0.5108992307844049
train,13,156,0.1966362126689586
train,13,157,0.38432129882610067
train,13,158,0.44947123975425246
train,13,159,0.2301405954155324
train,13,160,0.35432471621389633
train,13,161,0.32623045693945074
train,13,162,0.3444642672682798
train,13,163,0.2671823819565808
train,13,164,0.4478044706761305
train,13,165,0.413218458268419
train,13,166,0.29950086213653304
train,13,167,0.30057812820378405
train,13,168,0.3539700470808768
train,13,169,0.3585289013219432
train,13,170,0.4549010655224094
train,13,171,0.6354004958788236
train,13,172,0.33011679093263835
train,13,173,0.22096914137955265
train,13,174,0.5912784951122462
train,13,175,0.42232667009140806
train,13,176,0.3838809534435015
train,13,177,0.4688633175852204
train,13,178,0.5678923588612819
train,13,179,0.2269572047402806
train,13,180,0.5170379346443517
train,13,181,0.35321283215791827
train,13,182,0.3838872984842867
train,13,183,0.44212896966263815
train,13,184,0.3110366268969891
train,13,185,0.5279751907363851
train,13,186,0.46894641483389987
train,13,187,0.46926472946015463
train,13,188,0.3116116531229961
train,13,189,0.6410087255501249
train,13,190,0.3468159876418839
train,13,191,0.6163634394854642
train,13,192,0.5063839234944016
train,13,193,0.42050939446055013
train,13,194,0.3947177051905526
train,13,195,0.5051307617776016
train,13,196,0.547644995305453
train,13,197,0.257236867499395
train,13,198,0.5773308373683006
train,13,199,0.33909078218451966
train,13,200,0.47042389058259754
train,13,201,0.38839168853101813
train,13,202,0.3182831913479005
train,13,203,0.42369612710399907
train,13,204,0.42331859866752997
train,13,205,0.5117818204068868
train,13,206,0.541780352062152
train,13,207,0.2792286558334988
train,13,208,0.4288471218697095
train,13,209,0.29231333276350524
train,13,210,0.33424465714673307
train,13,211,0.2900423965464116
train,13,212,0.3673495752220851
train,13,213,0.6457204192270737
train,13,214,0.4223608212315016
train,13,215,0.36168323349763754
train,13,216,0.38470729115365543
train,13,217,0.32921752892599837
train,13,218,0.3229556713504521
train,13,219,0.4062172510849371
train,13,220,0.45245000529652146
train,13,221,0.32737854240051734
train,13,222,0.5171800248176395
train,13,223,0.6647773383978803
train,13,224,0.34590439722151833
train,13,225,0.2825108027299236
train,13,226,0.3555290057945891
train,13,227,0.4981336424562721
train,13,228,0.488449856363834
train,13,229,0.3353839405528854
train,13,230,0.35455382104444
train,13,231,0.4095225115265605
train,13,232,0.3627007227660606
train,13,233,0.45339821598855545
train,13,234,0.2550024570067507
train,13,235,0.34483059162459034
train,13,236,0.4033309875880161
train,13,237,0.4626123905556767
train,13,238,0.38686364189253486
train,13,239,0.4351626186752269
train,13,240,0.41038690486678664
train,13,241,0.22883941574589398
train,13,242,0.309420266719582
train,13,243,0.631044750845924
train,13,244,0.46313217276212876
train,13,245,0.32249856195152665
train,13,246,0.4097330217055659
train,13,247,0.5261909634267778
train,13,248,0.27194411744866515
train,13,249,0.49522670820822356
train,13,250,0.36675505752293025
train,13,251,0.560305837621952
train,13,252,0.6599968410105645
train,13,253,0.4470376227052206
train,13,254,0.45312807490010626
train,13,255,0.40203948456367333
train,13,256,0.6025834916743573
train,13,257,0.3521479012527161
train,13,258,0.3625692370365298
train,13,259,0.4432133602830245
train,13,260,0.4880098705376672
train,13,261,0.558276462480161
train,13,262,0.29425059923222635
train,13,263,0.3726206758808701
train,13,264,0.5341656273049576
train,13,265,0.3466215791689023
train,13,266,0.27680525661377103
train,13,267,0.34589833396615344
train,13,268,0.39538418148524745
train,13,269,0.23298521756829485
train,13,270,0.3286917937082051
train,13,271,0.5808932380941341
train,13,272,0.49575785765802793
train,13,273,0.49229021601002854
train,13,274,0.41838567885964834
train,13,275,0.2789707908190937
train,13,276,0.3657083121144813
train,13,277,0.5792314060183111
train,13,278,0.4010055209107552
train,13,279,0.33729391845088375
train,13,280,0.5623109348087583
train,13,281,0.3914362256941232
train,13,282,0.2496114700851525
train,13,283,0.38749523820515774
train,13,284,0.35519362142351296
train,13,285,0.47273445199412606
train,13,286,0.3397059684935827
train,13,287,0.2596073497120147
train,13,288,0.40957743606542635
train,13,289,0.30742576923145776
train,13,290,0.29275805402524596
train,13,291,0.3423466380995387
train,13,292,0.4433686652837741
train,13,293,0.3878081727277291
train,13,294,0.5903602160162496
train,13,295,0.3231449736601034
train,13,296,0.5928274882432905
train,13,297,0.3958084033999555
train,13,298,0.3435018227132836
train,13,299,0.5070950512401188
train,13,300,0.4139471265205787
train,13,301,0.3052110844834507
train,13,302,0.42291177111689604
train,13,303,0.5682733615508533
train,13,304,0.4371619245798174
train,13,305,0.4349807086097255
train,13,306,0.6319269653208033
train,13,307,0.5125742452344502
train,13,308,0.4598210319912963
train,13,309,0.5102607560627451
train,13,310,0.3820537420628696
train,13,311,0.4083660769831709
train,13,312,0.4781344622097583
train,13,313,0.4952863272949441
train,13,314,0.6521376708584887
train,13,315,0.2844907961719552
train,13,316,0.5014125155551747
train,13,317,0.4567797185344239
train,13,318,0.37104481531042927
train,13,319,0.26251179278194625
train,13,320,0.5288468906720754
train,13,321,0.4063733164756105
train,13,322,0.4641409912937211
train,13,323,0.34075032863983856
train,13,324,0.26678716325593904
train,13,325,0.321699754600665
train,13,326,0.3243561176474728
train,13,327,0.4057103769580861
train,13,328,0.6063880963994586
train,13,329,0.5161861695540023
train,13,330,0.3221109931633016
train,13,331,0.337426469616402
train,13,332,0.31386290981965936
train,13,333,0.3447726494227711
train,13,334,0.3763441230228349
train,13,335,0.4557003411032912
train,13,336,0.48773017457764006
train,13,337,0.48351256844669943
train,13,338,0.3571296121149137
train,13,339,0.4572259993424704
train,13,340,0.41403335242398476
train,13,341,0.3966214087953231
train,13,342,0.4348031507417061
train,13,343,0.21775229567451407
train,13,344,0.4135808149416306
train,13,345,0.4464026093930556
train,13,346,0.6222021947056995
train,13,347,0.3362890097567393
train,13,348,0.5592746142049456
train,13,349,0.6951570877632902
train,13,350,0.3339059153901741
train,13,351,0.31328641347966724
train,13,352,0.47304440076475657
train,13,353,0.35671996381316295
train,13,354,0.29948437370526476
train,13,355,0.48643619370752644
train,13,356,0.37134385817802984
train,13,357,0.33328195087050594
train,13,358,0.3605759948407511
train,13,359,0.3676369550859581
train,13,360,0.3849989571220936
train,13,361,0.4457735728662203
train,13,362,0.37938100927812957
train,13,363,0.2634778177788169
train,13,364,0.38800143878048055
train,13,365,0.6377684494323352
train,13,366,0.58535340901232
train,13,367,0.43360509588942825
train,13,368,0.6500027500763134
train,13,369,0.49338203358580157
train,13,370,0.4398688183744238
train,13,371,0.49869073227720095
train,13,372,0.27217446129505507
train,13,373,0.4921173977295006
train,13,374,0.4348115787084682
train,13,375,0.4737891706647427
train,13,376,0.4710932612666888
train,13,377,0.3508041533311256
train,13,378,0.2810474502513234
train,13,379,0.6158306044267485
train,13,380,0.3438425850593483
train,13,381,0.4111143156042962
train,13,382,0.37222841862955447
train,13,383,0.47087778265346214
train,13,384,0.4304269886231916
train,13,385,0.32452572069091434
train,13,386,0.3412856718454654
train,13,387,0.3960123565490839
train,13,388,0.4354640553925955
train,13,389,0.43971434072842847
train,13,390,0.29550520753098986
train,13,391,0.6031062364307536
train,13,392,0.48240300016507837
train,13,393,0.33829006563925756
train,13,394,0.43516360731675413
train,13,395,0.3159443744232261
train,13,396,0.22864199211199387
train,13,397,0.34193239832418576
train,13,398,0.4134386085342636
train,13,399,0.39333032096248727
train,13,400,0.5539886529253152
train,13,401,0.41554765289497725
train,13,402,0.38439552400623345
train,13,403,0.47969625326450926
train,13,404,0.3307141087478968
train,13,405,0.1788568618514509
train,13,406,0.3495564403115841
train,13,407,0.6042115610206898
train,13,408,0.2645357769357194
train,13,409,0.43450638810522424
train,13,410,0.5824694005509647
train,13,411,0.4665723961108721
train,13,412,0.3550662425703892
train,13,413,0.3849121817300384
train,13,414,0.633591448943974
train,13,415,0.4138774606110345
train,13,416,0.39454673732684287
train,13,417,0.4035215604662567
train,13,418,0.5109504094252466
train,13,419,0.6574935235753194
train,13,420,0.3709617843141974
train,13,421,0.3809938424398823
train,13,422,0.45344541151590784
train,13,423,0.239368841430184
train,13,424,0.44687808619179825
train,13,425,0.34658697931796945
train,13,426,0.30519993441550225
train,13,427,0.4708318460430277
train,13,428,0.23376814766667525
train,13,429,0.2826599464007462
train,13,430,0.40161577988192126
train,13,431,0.3912446978637808
train,13,432,0.3376441556500457
train,13,433,0.5461262013900666
train,13,434,0.5130124957246343
train,13,435,0.3924342477253622
train,13,436,0.5297644003849228
train,13,437,0.4644462028220006
train,13,438,0.4670906976671878
train,13,439,0.3936257836307221
train,13,440,0.3823935398976574
train,13,441,0.37161369341415507
train,13,442,0.2438232129464996
train,13,443,0.4507981890294144
train,13,444,0.4670148181929917
train,13,445,0.37961841132629526
train,13,446,0.47238276395210793
train,13,447,0.4261863407030512
train,13,448,0.5390083075835188
train,13,449,0.3307541803816816
train,13,450,0.5450723901177416
train,13,451,0.5934018322703214
train,13,452,0.47013787356105785
train,13,453,0.4593356273368999
train,13,454,0.44370211046667507
train,13,455,0.40481429954345605
train,13,456,0.36895144354229126
train,13,457,0.4737579574870214
train,13,458,0.5149212340800298
train,13,459,0.3911676648229582
train,13,460,0.36983144648011534
train,13,461,0.536363744900117
train,13,462,0.5587667033712814
train,13,463,0.496002004915509
train,13,464,0.37427096209642835
train,13,465,0.3179573732309394
train,13,466,0.3416351967216107
train,13,467,0.36680891918144676
train,13,468,0.5997965525373838
train,13,469,0.5291213377943444
train,13,470,0.39215570106658115
train,13,471,0.3576160101998832
train,13,472,0.5099500388665512
train,13,473,0.30112763956932387
train,13,474,0.4156702978846175
train,13,475,0.3560602683117722
train,13,476,0.24476002131151056
train,13,477,0.4187968564447109
train,13,478,0.4639364816788325
train,13,479,0.3076629119671269
train,13,480,0.509993291024086
train,14,1,0.5400880502483587
train,14,2,0.5478711184723869
train,14,3,0.43547140101923965
train,14,4,0.32986511974109994
train,14,5,0.5162551319762152
train,14,6,0.4509654769895942
train,14,7,0.34528875984096874
train,14,8,0.33816352742181743
train,14,9,0.39506030042515705
train,14,10,0.40897769604347267
train,14,11,0.4428854103625283
train,14,12,0.4698736530831172
train,14,13,0.3748913044346692
train,14,14,0.49650295283757684
train,14,15,0.49452815418160284
train,14,16,0.33799238384674574
train,14,17,0.32760793901112173
train,14,18,0.3354226539570665
train,14,19,0.29985645483912454
train,14,20,0.35421709602268553
train,14,21,0.5707062543667387
train,14,22,0.424973821857907
train,14,23,0.3603202382272347
train,14,24,0.3895768987257259
train,14,25,0.2987611483445248
train,14,26,0.4356803791043766
train,14,27,0.4316629164735597
train,14,28,0.3065009567791962
train,14,29,0.2882627940943189
train,14,30,0.4463035456443282
train,14,31,0.5147956834928584
train,14,32,0.330434764774957
train,14,33,0.31222673161663395
train,14,34,0.2279505337866266
train,14,35,0.3974162383255839
train,14,36,0.41482909060255324
train,14,37,0.31657823891264725
train,14,38,0.43094522055939044
train,14,39,0.41295280514024385
train,14,40,0.4037470069104946
train,14,41,0.49578830305180843
train,14,42,0.41803351904745123
train,14,43,0.4241450217461009
train,14,44,0.31099221728277054
train,14,45,0.3564498316551207
train,14,46,0.4463103608561686
train,14,47,0.4678894392465711
train,14,48,0.33565220324105816
train,14,49,0.5238925845316449
train,14,50,0.3952724762823939
train,14,51,0.6443895028370019
train,14,52,0.38941916138852495
train,14,53,0.45064963604053226
train,14,54,0.42247436491356416
train,14,55,0.404495086619015
train,14,56,0.8089646169183994
train,14,57,0.5106834798105553
train,14,58,0.46119149738786824
train,14,59,0.363522351684541
train,14,60,0.5469299773499445
train,14,61,0.3719512963934754
train,14,62,0.43937862683314566
train,14,63,0.48016917382719904
train,14,64,0.3010604014972529
train,14,65,0.43173780953769336
train,14,66,0.4687610741668363
train,14,67,0.28376170752028695
train,14,68,0.45612209604524806
train,14,69,0.3529498684632244
train,14,70,0.3184329965224567
train,14,71,0.4135033261320855
train,14,72,0.5295893602473298
train,14,73,0.3594200195860885
train,14,74,0.38240946536781334
train,14,75,0.3275157410131164
train,14,76,0.43936630907950014
train,14,77,0.23979595494832756
train,14,78,0.44211224314665387
train,14,79,0.3842858668429348
train,14,80,0.3828437058288931
train,14,81,0.5534624769990409
train,14,82,0.5132853955399244
train,14,83,0.46884302846210507
train,14,84,0.2171883216155763
train,14,85,0.479923653072485
train,14,86,0.28768884390755994
train,14,87,0.3047017755494132
train,14,88,0.6636455358252834
train,14,89,0.5099988357559211
train,14,90,0.47777000001973197
train,14,91,0.40424150724286834
train,14,92,0.41304375351152733
train,14,93,0.3516083740728887
train,14,94,0.3537377544781225
train,14,95,0.43245214514276964
train,14,96,0.4121437614136114
train,14,97,0.5126099751926625
train,14,98,0.46223386336912514
train,14,99,0.3522217708985319
train,14,100,0.35699790975397716
train,14,101,0.49966889326460406
train,14,102,0.40979184054431583
train,14,103,0.323623928418473
train,14,104,0.42645624580186703
train,14,105,0.30404317865365016
train,14,106,0.48920567090364186
train,14,107,0.540069412944628
train,14,108,0.32577086421617324
train,14,109,0.3832342059023791
train,14,110,0.2934725603015744
train,14,111,0.4087564236223409
train,14,112,0.3945485488883663
train,14,113,0.4459682300014017
train,14,114,0.5924150658939646
train,14,115,0.39300165810544874
train,14,116,0.40075111216285186
train,14,117,0.40855936387244396
train,14,118,0.44862239523183595
train,14,119,0.5132799146797105
train,14,120,0.45639812362229115
train,14,121,0.3758829352481509
train,14,122,0.36171137334539183
train,14,123,0.4083280586035264
train,14,124,0.3737619833100647
train,14,125,0.35462568520261073
train,14,126,0.3162875164849295
train,14,127,0.38950854486789827
train,14,128,0.5819954971960206
train,14,129,0.5860838175267872
train,14,130,0.2494703016862514
train,14,131,0.2765785304556811
train,14,132,0.24470656178603137
train,14,133,0.5293008853931089
train,14,134,0.48660083339125393
train,14,135,0.32307422974466815
train,14,136,0.44473088455790866
train,14,137,0.31605148524435867
train,14,138,0.23835840353642546
train,14,139,0.39698162545278937
train,14,140,0.5223538823308825
train,14,141,0.5625958385367944
train,14,142,0.3383678511055483
train,14,143,0.5382862517505016
train,14,144,0.31218449272803006
train,14,145,0.37985192789034994
train,14,146,0.26410761666892946
train,14,147,0.4737205197943054
train,14,148,0.3869857492317575
train,14,149,0.6075132579846912
train,14,150,0.6497276269424048
train,14,151,0.25061375635348204
train,14,152,0.4228676449815502
train,14,153,0.2836037387750203
train,14,154,0.6115384513650839
train,14,155,0.3444989376925778
train,14,156,0.46649845241706467
train,14,157,0.36818443561468495
train,14,158,0.3679050897363666
train,14,159,0.4650394403402084
train,14,160,0.33379580078440774
train,14,161,0.4385933413752649
train,14,162,0.5632601176628644
train,14,163,0.5678251518871016
train,14,164,0.5207046974568271
train,14,165,0.2562689979754997
train,14,166,0.31215873190141935
train,14,167,0.3158686792456176
train,14,168,0.42396267959439493
train,14,169,0.4735280403222949
train,14,170,0.43497858475857326
train,14,171,0.40118870051226935
train,14,172,0.3488057125309115
train,14,173,0.5063909396527078
train,14,174,0.4145972436711946
train,14,175,0.3900100029824336
train,14,176,0.3783966123006256
train,14,177,0.34151434857170404
train,14,178,0.28855316581408574
train,14,179,0.4681478132068102
train,14,180,0.49219059167123524
train,14,181,0.41222979144597344
train,14,182,0.26069163688191077
train,14,183,0.18371641650331888
train,14,184,0.27688494245598144
train,14,185,0.3552710202966024
train,14,186,0.6945638185342728
train,14,187,0.39614377086313174
train,14,188,0.41951710436249745
train,14,189,0.4602389729741905
train,14,190,0.4593880898636606
train,14,191,0.5428235611876145
train,14,192,0.44668209840877987
train,14,193,0.2879598526147876
train,14,194,0.619512345693322
train,14,195,0.5007843226983992
train,14,196,0.3870758261188436
train,14,197,0.49285646806779904
train,14,198,0.5843685828992081
train,14,199,0.36064717810804614
train,14,200,0.4256011879138993
train,14,201,0.34804164211669986
train,14,202,0.3217278467293889
train,14,203,0.388771818985692
train,14,204,0.41851809970780773
train,14,205,0.40640374218153125
train,14,206,0.47250857320217
train,14,207,0.5528845968821438
train,14,208,0.5986145827961826
train,14,209,0.44775740726762536
train,14,210,0.46500985026037894
train,14,211,0.3817023260794291
train,14,212,0.295046357358886
train,14,213,0.2997502906946299
train,14,214,0.43963570625692683
train,14,215,0.49299060110346754
train,14,216,0.32230587797997073
train,14,217,0.31642526255901365
train,14,218,0.4144065052408314
train,14,219,0.5468118417240422
train,14,220,0.327515873139685
train,14,221,0.3320383402935531
train,14,222,0.5811721681182127
train,14,223,0.3086167322286499
train,14,224,0.5098986803791014
train,14,225,0.3882034542468255
train,14,226,0.3577908776973025
train,14,227,0.21491259924852238
train,14,228,0.3869183597240654
train,14,229,0.4920583679654032
train,14,230,0.44555603008430267
train,14,231,0.3627845770314001
train,14,232,0.25974549832877614
train,14,233,0.31107329697450353
train,14,234,0.38480208325387333
train,14,235,0.38051414967979896
train,14,236,0.5085706115821403
train,14,237,0.3805196859322755
train,14,238,0.33881030438448845
train,14,239,0.3680046176443631
train,14,240,0.4642697328598446
train,14,241,0.5740283174274157
train,14,242,0.3790742042026329
train,14,243,0.5264480037342312
train,14,244,0.6218049108234749
train,14,245,0.4110722397969908
train,14,246,0.4222333878892279
train,14,247,0.3278368982138517
train,14,248,0.35858200351251224
train,14,249,0.46569393772285195
train,14,250,0.6252147327483496
train,14,251,0.3202092562784288
train,14,252,0.7353871131038642
train,14,253,0.27750400803357483
train,14,254,0.27576373757052985
train,14,255,0.36382995369050375
train,14,256,0.39129177631229856
train,14,257,0.3706679783593394
train,14,258,0.363991529976444
train,14,259,0.4614705145922194
train,14,260,0.23583451857415466
train,14,261,0.5672868062990164
train,14,262,0.4640310199643035
train,14,263,0.3409594796673436
train,14,264,0.6433696547945769
train,14,265,0.48961786021055487
train,14,266,0.4574340789327098
train,14,267,0.46043924887023463
train,14,268,0.4868902376351062
train,14,269,0.3293361387286702
train,14,270,0.40738253027345284
train,14,271,0.4246355738642995
train,14,272,0.48592517601075935
train,14,273,0.28317597789369287
train,14,274,0.3756435359575713
train,14,275,0.38703964807619706
train,14,276,0.3118720729172342
train,14,277,0.418697185976015
train,14,278,0.25364399892066275
train,14,279,0.31618383911181674
train,14,280,0.39504911388846425
train,14,281,0.2987548213767491
train,14,282,0.5337436639804354
train,14,283,0.28325821343372354
train,14,284,0.37664512505622955
train,14,285,0.2855143612798967
train,14,286,0.3127992701990111
train,14,287,0.43113401616534885
train,14,288,0.30783357908380676
train,14,289,0.2848863632447895
train,14,290,0.5486461636201394
train,14,291,0.3671784955808795
train,14,292,0.31443665416844513
train,14,293,0.22749438898399432
train,14,294,0.29410380963613214
train,14,295,0.6460561278828333
train,14,296,0.37798190646098556
train,14,297,0.29828819532280654
train,14,298,0.39315139775147867
train,14,299,0.39579912816730406
train,14,300,0.2746180399171202
train,14,301,0.2553932230017498
train,14,302,0.6221184995246696
train,14,303,0.3138962409837462
train,14,304,0.31721279344566605
train,14,305,0.6101105655722932
train,14,306,0.30412347354653324
train,14,307,0.3813329312989222
train,14,308,0.3207445452662159
train,14,309,0.3509339466694993
train,14,310,0.4024603455830342
train,14,311,0.45221530384249986
train,14,312,0.5394291285248434
train,14,313,0.5954376424279435
train,14,314,0.27534841597195947
train,14,315,0.6490785159372893
train,14,316,0.4553614205559268
train,14,317,0.3247833184063586
train,14,318,0.2878655718583051
train,14,319,0.44716578847199856
train,14,320,0.2888472852813193
train,14,321,0.47409128969492875
train,14,322,0.49344972250360314
train,14,323,0.46681153846945717
train,14,324,0.3120054330998291
train,14,325,0.41281639919556906
train,14,326,0.6253884324398679
train,14,327,0.5793578550307777
train,14,328,0.24011867201432852
train,14,329,0.37538747048065546
train,14,330,0.42943906366754553
train,14,331,0.31748850890302505
train,14,332,0.5989295792054545
train,14,333,0.5029117443035785
train,14,334,0.36123031189091004
train,14,335,0.42631889270137413
train,14,336,0.46159659274989395
train,14,337,0.37629907599865625
train,14,338,0.30000675407925603
train,14,339,0.39156482483958477
train,14,340,0.4191520560477259
train,14,341,0.3974494516603896
train,14,342,0.5783168398573657
train,14,343,0.3804562372246856
train,14,344,0.3836246404643706
train,14,345,0.28827503172565727
train,14,346,0.3938906471455891
train,14,347,0.3399781964158663
train,14,348,0.5001843618067788
train,14,349,0.31455741983956387
train,14,350,0.5542770856869219
train,14,351,0.49762010329972595
train,14,352,0.4753136810432239
train,14,353,0.388607624807922
train,14,354,0.5922817533744871
train,14,355,0.32289884854719153
train,14,356,0.41982193810440427
train,14,357,0.3899500084302292
train,14,358,0.3713414721381859
train,14,359,0.4065363696464123
train,14,360,0.28686754674631243
train,14,361,0.3339446306172179
train,14,362,0.38413628164488606
train,14,363,0.428496156153398
train,14,364,0.6581912630168261
train,14,365,0.4698820028481196
train,14,366,0.30144131390682805
train,14,367,0.31486133291712076
train,14,368,0.4312460639694279
train,14,369,0.4088689061793839
train,14,370,0.40334662753382905
train,14,371,0.3733206086238011
train,14,372,0.5461724009061295
train,14,373,0.5585893213049815
train,14,374,0.43941841015320693
train,14,375,0.43620679989604844
train,14,376,0.312995090036188
train,14,377,0.3499665611319491
train,14,378,0.4127313212272998
train,14,379,0.5190994882990436
train,14,380,0.4130970793032651
train,14,381,0.6368077891447139
train,14,382,0.5136316665250648
train,14,383,0.4238346418367067
train,14,384,0.32858763655733475
train,14,385,0.38590412409330277
train,14,386,0.4653000770132406
train,14,387,0.3974008759320201
train,14,388,0.4254176962294966
train,14,389,0.44155486460243165
train,14,390,0.5794920494589839
train,14,391,0.4757967503444642
train,14,392,0.6285904324040438
train,14,393,0.37847383174824345
train,14,394,0.3317588341455871
train,14,395,0.2864663072942889
train,14,396,0.31150698631041535
train,14,397,0.49958998467147353
train,14,398,0.3386766184977703
train,14,399,0.3699004221834944
train,14,400,0.4073116146285085
train,14,401,0.3611437168529561
train,14,402,0.3686233112681139
train,14,403,0.3852997048818424
train,14,404,0.36429431558595987
train,14,405,0.679454864122344
train,14,406,0.48671259405817896
train,14,407,0.5865084066229387
train,14,408,0.5651077999012332
train,14,409,0.37731921599160106
train,14,410,0.36128303759911407
train,14,411,0.48732161539837293
train,14,412,0.39245981822643655
train,14,413,0.46946001253599356
train,14,414,0.48059067120383914
train,14,415,0.32739525766173966
train,14,416,0.5112332902658405
train,14,417,0.2936366944490554
train,14,418,0.4119883512848083
train,14,419,0.48724328858846233
train,14,420,0.39238468907603186
train,14,421,0.3949598237745675
train,14,422,0.4477386456706909
train,14,423,0.2572847485872709
train,14,424,0.40124832733313104
train,14,425,0.5060339932416169
train,14,426,0.27312535514465497
train,14,427,0.41783239245697656
train,14,428,0.4565379695831464
train,14,429,0.5711039543277315
train,14,430,0.3621057341519781
train,14,431,0.5049418162368069
train,14,432,0.28796317077564393
train,14,433,0.4331405233805836
train,14,434,0.3723083593948055
train,14,435,0.33542759100013886
train,14,436,0.47058343526935276
train,14,437,0.4014810251692458
train,14,438,0.3246378402542245
train,14,439,0.46244810558494664
train,14,440,0.5644680694792102
train,14,441,0.33503508881512445
train,14,442,0.45937282095957727
train,14,443,0.5161637052007988
train,14,444,0.4193989019085763
train,14,445,0.5942045154512533
train,14,446,0.32819006154409225
train,14,447,0.43518009002459596
train,14,448,0.4552874016015359
train,14,449,0.31158257720631527
train,14,450,0.3915182013272003
train,14,451,0.5323819433972458
train,14,452,0.4900395962671892
train,14,453,0.34067151738202534
train,14,454,0.43019413487296354
train,14,455,0.43657301304719154
train,14,456,0.26179086328997125
train,14,457,0.3709275141002739
train,14,458,0.35142047573537993
train,14,459,0.4904280461098693
train,14,460,0.3510006133669554
train,14,461,0.3380436644768289
train,14,462,0.5049032654953948
train,14,463,0.4561855724364976
train,14,464,0.5634364586680685
train,14,465,0.5581666329867253
train,14,466,0.4073898112302241
train,14,467,0.4850955258568458
train,14,468,0.6012126027555666
train,14,469,0.24241981485002595
train,14,470,0.3487044962147685
train,14,471,0.4069624712211172
train,14,472,0.4764971349993491
train,14,473,0.4566209980873164
train,14,474,0.5524870192830739
train,14,475,0.36060837912834115
train,14,476,0.3897752264254525
train,14,477,0.3581807638981217
train,14,478,0.5071464975825186
train,14,479,0.501452545054984
train,14,480,0.348465536919508
train,15,1,0.4971146316455296
train,15,2,0.24934922678228583
train,15,3,0.26648050220242653
train,15,4,0.43068757996138235
train,15,5,0.36832725808788375
train,15,6,0.4339678226856747
train,15,7,0.3328322698361017
train,15,8,0.502993179679861
train,15,9,0.318269830728784
train,15,10,0.3483724354566027
train,15,11,0.3254095297793763
train,15,12,0.45269598721627663
train,15,13,0.3108448791161203
train,15,14,0.41464520834855206
train,15,15,0.34730117891049767
train,15,16,0.35052064368463093
train,15,17,0.5128182101868517
train,15,18,0.6692388746336446
train,15,19,0.4518843557984726
train,15,20,0.41988638744250334
train,15,21,0.6305523553829211
train,15,22,0.3424201494653152
train,15,23,0.31562432768604
train,15,24,0.3600554550747204
train,15,25,0.27709476640020636
train,15,26,0.3867080369043389
train,15,27,0.29316408015201867
train,15,28,0.6049113763391042
train,15,29,0.4492899064043952
train,15,30,0.4242466324678584
train,15,31,0.516010306153671
train,15,32,0.3123480673240381
train,15,33,0.3196656568479017
train,15,34,0.2745435373250572
train,15,35,0.44521784325087393
train,15,36,0.2945582180854157
train,15,37,0.5585046726880827
train,15,38,0.36129047458760843
train,15,39,0.5852298123108166
train,15,40,0.367241138943209
train,15,41,0.509798100757326
train,15,42,0.2962267970395349
train,15,43,0.3119226430945233
train,15,44,0.45422632038065847
train,15,45,0.44851449318173986
train,15,46,0.5160934923574877
train,15,47,0.31564069259517696
train,15,48,0.47437901334065996
train,15,49,0.3492648200355471
train,15,50,0.41534449620855435
train,15,51,0.41099032596365703
train,15,52,0.33936674539607325
train,15,53,0.4543596636955769
train,15,54,0.29798383345213775
train,15,55,0.38707229629586803
train,15,56,0.39434808754012113
train,15,57,0.3445679104372946
train,15,58,0.3472038651017837
train,15,59,0.4461389525035776
train,15,60,0.5394436628510647
train,15,61,0.37176346759663736
train,15,62,0.37457535109977236
train,15,63,0.3176932833336138
train,15,64,0.42783202554461663
train,15,65,0.3678047498868637
train,15,66,0.4833471367401747
train,15,67,0.3661708917529736
train,15,68,0.3364158436542312
train,15,69,0.4601673889855628
train,15,70,0.6792424018297237
train,15,71,0.5422526088915383
train,15,72,0.5133797590191761
train,15,73,0.31390687616603125
train,15,74,0.4856116710881705
train,15,75,0.3624036870300249
train,15,76,0.4494867963102823
train,15,77,0.4191109938489378
train,15,78,0.5641202365531288
train,15,79,0.32168972236600546
train,15,80,0.4220638446430892
train,15,81,0.3924783083854767
train,15,82,0.38715851416762104
train,15,83,0.3947821041395547
train,15,84,0.47914639157954064
train,15,85,0.45010341164738454
train,15,86,0.6734036644840835
train,15,87,0.28250313297324775
train,15,88,0.5835764012655473
train,15,89,0.43133749280478023
train,15,90,0.40162524553420353
train,15,91,0.44483309576832786
train,15,92,0.3221014413224381
train,15,93,0.424931418471405
train,15,94,0.4018263735251968
train,15,95,0.39464527937017285
train,15,96,0.39156239206921933
train,15,97,0.33439328347521025
train,15,98,0.3869672944785222
train,15,99,0.35614735095202427
train,15,100,0.5997393269745057
train,15,101,0.5357945263602998
train,15,102,0.4214972458256986
train,15,103,0.4329914676604768
train,15,104,0.20530522912207538
train,15,105,0.6509740948301971
train,15,106,0.3326378647028518
train,15,107,0.5286619542382685
train,15,108,0.2438681946721608
train,15,109,0.4238843802362582
train,15,110,0.611516717025204
train,15,111,0.4665959413350177
train,15,112,0.2671933776048607
train,15,113,0.448136143932164
train,15,114,0.4450432070214494
train,15,115,0.48026485521967405
train,15,116,0.361588141102807
train,15,117,0.49965346414351086
train,15,118,0.32875635587399893
train,15,119,0.5315899519447063
train,15,120,0.5914980273931277
train,15,121,0.41469003434021773
train,15,122,0.37919296580711837
train,15,123,0.45220762423023686
train,15,124,0.43809296785855
train,15,125,0.4933300193861468
train,15,126,0.3731676232001687
train,15,127,0.38235517474461705
train,15,128,0.379118797037711
train,15,129,0.5207048565659175
train,15,130,0.435785884787932
train,15,131,0.3040526566067414
train,15,132,0.3869778548086192
train,15,133,0.43811442137296003
train,15,134,0.35642312613076954
train,15,135,0.5933347625249243
train,15,136,0.3031131396068696
train,15,137,0.34494226107743936
train,15,138,0.49894313621171865
train,15,139,0.4197576410486633
train,15,140,0.45291200063202147
train,15,141,0.5687180733302681
train,15,142,0.4165201738154606
train,15,143,0.48862372323126735
train,15,144,0.4003698374240654
train,15,145,0.3387132308099843
train,15,146,0.4231893806731174
train,15,147,0.2050312473834095
train,15,148,0.5006167317259119
train,15,149,0.2969449960962557
train,15,150,0.3072719851403431
train,15,151,0.40999022874354496
train,15,152,0.2672293510012379
train,15,153,0.5409233468231887
train,15,154,0.30993406542452223
train,15,155,0.5474717878523514
train,15,156,0.30475556916939434
train,15,157,0.5965229002114811
train,15,158,0.4736905123206071
train,15,159,0.34146444503216833
train,15,160,0.39000153732445497
train,15,161,0.49832995977929
train,15,162,0.5672182594190438
train,15,163,0.37694676772877406
train,15,164,0.37576792931099273
train,15,165,0.48131198879979603
train,15,166,0.4760188842634037
train,15,167,0.2429277968820017
train,15,168,0.36219176259511576
train,15,169,0.34672867125218787
train,15,170,0.3845272424021807
train,15,171,0.2172841624690664
train,15,172,0.5064168452383221
train,15,173,0.2994514126212248
train,15,174,0.340013951298862
train,15,175,0.4013315050394347
train,15,176,0.5317301250855498
train,15,177,0.31132787578372767
train,15,178,0.2787138842430167
train,15,179,0.23381942824150795
train,15,180,0.31161096775594116
train,15,181,0.325845220589032
train,15,182,0.2804521183104319
train,15,183,0.5039892010124533
train,15,184,0.4415449334578732
train,15,185,0.40574769597970073
train,15,186,0.6261407708844482
train,15,187,0.4849709896170549
train,15,188,0.5695429658162507
train,15,189,0.5007358046856967
train,15,190,0.4642105377277401
train,15,191,0.4300687985085773
train,15,192,0.3894389897772526
train,15,193,0.32747569488767153
train,15,194,0.4345615090687127
train,15,195,0.5696894293517919
train,15,196,0.4205429708041005
train,15,197,0.39455960379582844
train,15,198,0.406597051311434
train,15,199,0.35974295600222017
train,15,200,0.4118675637332888
train,15,201,0.39108212961861755
train,15,202,0.4611036213235948
train,15,203,0.41570321074124206
train,15,204,0.5523508469779594
train,15,205,0.411461990339541
train,15,206,0.5055348282205063
train,15,207,0.535073917685258
train,15,208,0.28791067199012427
train,15,209,0.41443938930093377
train,15,210,0.6032996796992361
train,15,211,0.42212609325227857
train,15,212,0.5226836792438164
train,15,213,0.609120877723416
train,15,214,0.5836896583889817
train,15,215,0.3636636391208311
train,15,216,0.51193281716608
train,15,217,0.46748896250204064
train,15,218,0.45244423740952855
train,15,219,0.29361749093264106
train,15,220,0.4034962293177495
train,15,221,0.41247259320877583
train,15,222,0.4745380610872455
train,15,223,0.4023633153793292
train,15,224,0.33044929916054405
train,15,225,0.7252338938599874
train,15,226,0.5737283763605364
train,15,227,0.2755358373041065
train,15,228,0.3520424776802876
train,15,229,0.3899661168971069
train,15,230,0.3696886935793544
train,15,231,0.38985579870133946
train,15,232,0.49648036801726536
train,15,233,0.43028104707485765
train,15,234,0.3459262498430833
train,15,235,0.38174653561988764
train,15,236,0.3519630759558623
train,15,237,0.52189122888934
train,15,238,0.40616472615880617
train,15,239,0.36565639357161384
train,15,240,0.4928326940017541
train,15,241,0.28592817542212234
train,15,242,0.32238537609594
train,15,243,0.49444992024868983
train,15,244,0.37788638079502096
train,15,245,0.6049225926708042
train,15,246,0.36619929278569097
train,15,247,0.5439120016115989
train,15,248,0.42795541360701
train,15,249,0.42178025864616797
train,15,250,0.423273042621953
train,15,251,0.3443677805231856
train,15,252,0.34368013987196844
train,15,253,0.44323601920082556
train,15,254,0.3450352894146984
train,15,255,0.3978196745296428
train,15,256,0.5491756396682594
train,15,257,0.3082238849946568
train,15,258,0.35155548668586156
train,15,259,0.3458417443447794
train,15,260,0.6257073093916159
train,15,261,0.3296322175669706
train,15,262,0.4412029488635153
train,15,263,0.6063577737010653
train,15,264,0.4425743772377321
train,15,265,0.3663910235589439
train,15,266,0.40385280234259613
train,15,267,0.41467532582806627
train,15,268,0.43934525717071526
train,15,269,0.3592755811865364
train,15,270,0.4345859026820525
train,15,271,0.3754731632601423
train,15,272,0.3862954437931111
train,15,273,0.5165304734991321
train,15,274,0.6120916720938872
train,15,275,0.35122892511536896
train,15,276,0.45491839426339
train,15,277,0.34621847279820905
train,15,278,0.5599950198350341
train,15,279,0.27800650546946803
train,15,280,0.40317109710352306
train,15,281,0.4481289206915786
train,15,282,0.4099098116880089
train,15,283,0.42238102697525115
train,15,284,0.35260244025384757
train,15,285,0.3144856755337027
train,15,286,0.5213390129765456
train,15,287,0.4062226139809093
train,15,288,0.5596655407165076
train,15,289,0.28710882350731337
train,15,290,0.30560922651356626
train,15,291,0.3388627018119793
train,15,292,0.4560338828966584
train,15,293,0.6982006526054563
train,15,294,0.524954037188847
train,15,295,0.339694483493461
train,15,296,0.4627562891242627
train,15,297,0.2933081998088624
train,15,298,0.26336478601461166
train,15,299,0.5019399073747717
train,15,300,0.5023127822598348
train,15,301,0.31744804982252406
train,15,302,0.47673311581297956
train,15,303,0.34523535555896423
train,15,304,0.27065716625697817
train,15,305,0.336526387831237
train,15,306,0.3042595383934221
train,15,307,0.4284559075626195
train,15,308,0.532845621596014
train,15,309,0.43950724124621054
train,15,310,0.27445246336849544
train,15,311,0.3537749673645213
train,15,312,0.31244611888755425
train,15,313,0.36949859578620065
train,15,314,0.18444855844850905
train,15,315,0.3882938162723542
train,15,316,0.36630675298493165
train,15,317,0.3152807652489039
train,15,318,0.37167935725968165
train,15,319,0.41643802326305135
train,15,320,0.35595376028096626
train,15,321,0.4590927652371358
train,15,322,0.5231394411386237
train,15,323,0.42342739176451344
train,15,324,0.47441383811612026
train,15,325,0.4666849364117707
train,15,326,0.29046003405993487
train,15,327,0.34271102688282473
train,15,328,0.20156876612928015
train,15,329,0.6946276684510717
train,15,330,0.5840116912437227
train,15,331,0.4621365837229018
train,15,332,0.36995856282673245
train,15,333,0.3968217258216081
train,15,334,0.384521827203959
train,15,335,0.2593658204403489
train,15,336,0.2909623101115956
train,15,337,0.41438350182462064
train,15,338,0.41733265999942
train,15,339,0.5022020784481975
train,15,340,0.5627495816009089
train,15,341,0.4016200889097071
train,15,342,0.3615512048298247
train,15,343,0.4015591067920926
train,15,344,0.5548552576630289
train,15,345,0.46778229254061676
train,15,346,0.2566884641708378
train,15,347,0.5026121707911128
train,15,348,0.2911261028717239
train,15,349,0.3364086879191518
train,15,350,0.40068640593581245
train,15,351,0.3400783106662338
train,15,352,0.2679355920197476
train,15,353,0.37886643362752315
train,15,354,0.4431579477440278
train,15,355,0.42056432372300667
train,15,356,0.32194531504953366
train,15,357,0.4300841829801716
train,15,358,0.3787647687059803
train,15,359,0.3090805543695339
train,15,360,0.5377290405886721
train,15,361,0.365729249806023
train,15,362,0.4213551244107225
train,15,363,0.43815551026197935
train,15,364,0.3733522308174534
train,15,365,0.32729487458307305
train,15,366,0.5005066078127522
train,15,367,0.5049681481852428
train,15,368,0.3814414941024525
train,15,369,0.2537349808042363
train,15,370,0.41271224511399196
train,15,371,0.4545668206001805
train,15,372,0.3691013462281558
train,15,373,0.4237272022230024
train,15,374,0.40168392148872734
train,15,375,0.5706588768050855
train,15,376,0.32905782134379624
train,15,377,0.41625301463868586
train,15,378,0.6343013618159761
train,15,379,0.3537906022489184
train,15,380,0.5956610338072532
train,15,381,0.38914850009772833
train,15,382,0.424787727263625
train,15,383,0.2478619243178239
train,15,384,0.5636486450635128
train,15,385,0.36587468060612877
train,15,386,0.2795411952135383
train,15,387,0.3753334062124771
train,15,388,0.41737334398641585
train,15,389,0.5331252341092438
train,15,390,0.3067894138782759
train,15,391,0.3326816406543185
train,15,392,0.41536767159737387
train,15,393,0.4370039405737177
train,15,394,0.2554589918204933
train,15,395,0.3307659501207976
train,15,396,0.39995698993266077
train,15,397,0.4037717758656542
train,15,398,0.4196394525661639
train,15,399,0.3810373115909953
train,15,400,0.34835613394402465
train,15,401,0.32538045228797624
train,15,402,0.3529061485932747
train,15,403,0.360588264183463
train,15,404,0.29252325918202504
train,15,405,0.6039923248500665
train,15,406,0.35609322789685477
train,15,407,0.36021231319439573
train,15,408,0.3772062060258966
train,15,409,0.2704554214168772
train,15,410,0.45907965646786386
train,15,411,0.4046419574581744
train,15,412,0.42991150615752494
train,15,413,0.3780383648263755
train,15,414,0.44985547246073054
train,15,415,0.4529265707477304
train,15,416,0.3176206374122399
train,15,417,0.3583964801755831
train,15,418,0.30468764137206433
train,15,419,0.40491662493965797
train,15,420,0.31150749889949214
train,15,421,0.6022591331015879
train,15,422,0.5952366698906006
train,15,423,0.4280740317844766
train,15,424,0.5262924632713029
train,15,425,0.41648279329697446
train,15,426,0.3282638450178307
train,15,427,0.42280245860858867
train,15,428,0.4575636261731175
train,15,429,0.4025236992500639
train,15,430,0.2553642779599904
train,15,431,0.4218830780930943
train,15,432,0.41974389521724076
train,15,433,0.2605562103197182
train,15,434,0.5597019432207873
train,15,435,0.29896802450158744
train,15,436,0.35533044408879244
train,15,437,0.42709193581130067
train,15,438,0.6305191336385099
train,15,439,0.27461416215799755
train,15,440,0.3228999278629298
train,15,441,0.41522605944070745
train,15,442,0.43377225153351995
train,15,443,0.736678954027635
train,15,444,0.41054934302289325
train,15,445,0.5396396173316826
train,15,446,0.4915641519587547
train,15,447,0.353561086184362
train,15,448,0.4063316057603331
train,15,449,0.3998675965976006
train,15,450,0.4405085527020582
train,15,451,0.4352959427476535
train,15,452,0.4461778140768752
train,15,453,0.4657994691474329
train,15,454,0.4384102320326645
train,15,455,0.3877451333298265
train,15,456,0.28144792332491475
train,15,457,0.35186250005631337
train,15,458,0.4307277883414134
train,15,459,0.4383495327226361
train,15,460,0.36268761026907015
train,15,461,0.26456903882834704
train,15,462,0.32338930115440445
train,15,463,0.28935869367392847
train,15,464,0.3072133109243318
train,15,465,0.48460085349161763
train,15,466,0.24136418972762502
train,15,467,0.40401518142437143
train,15,468,0.1696185344425413
train,15,469,0.48766936211658324
train,15,470,0.31744378579725
train,15,471,0.30535442992008205
train,15,472,0.3498360365293403
train,15,473,0.3225314118008933
train,15,474,0.30597396414628225
train,15,475,0.5392138137930469
train,15,476,0.47684426245005107
train,15,477,0.3456477669094681
train,15,478,0.213465163654329
train,15,479,0.20517819682801658
train,15,480,0.45730204696848703
train,16,1,0.6468936718851865
train,16,2,0.5309644939657647
train,16,3,0.31831237527145134
train,16,4,0.35304444818717395
train,16,5,0.3831573217409735
train,16,6,0.4037480559811678
train,16,7,0.4035274669730972
train,16,8,0.37368441980490485
train,16,9,0.3773661314851533
train,16,10,0.4439683862169799
train,16,11,0.3199032965347845
train,16,12,0.20636796858844544
train,16,13,0.48573627394676844
train,16,14,0.38972733285744243
train,16,15,0.473220611178081
train,16,16,0.47602396285674853
train,16,17,0.5695403701627271
train,16,18,0.3157454119634342
train,16,19,0.3797483927270109
train,16,20,0.4087518838584753
train,16,21,0.3294820650930326
train,16,22,0.4637893216259827
train,16,23,0.6447013280517448
train,16,24,0.3188374527036592
train,16,25,0.32892217795343004
train,16,26,0.5786092091262984
train,16,27,0.44609694020227875
train,16,28,0.3499797373412964
train,16,29,0.3315892826447763
train,16,30,0.4582403183118277
train,16,31,0.37164287934050877
train,16,32,0.27449049638316453
train,16,33,0.4100433042487019
train,16,34,0.456914844756107
train,16,35,0.5026889512568736
train,16,36,0.47502376229858245
train,16,37,0.31704591549922745
train,16,38,0.35300490361474135
train,16,39,0.30912728087741626
train,16,40,0.36340617083609256
train,16,41,0.397832930244728
train,16,42,0.2807344210132735
train,16,43,0.33071502558198396
train,16,44,0.35883664303662044
train,16,45,0.34165907984333804
train,16,46,0.43072309442398055
train,16,47,0.3103309143600604
train,16,48,0.30204798414616285
train,16,49,0.6701700346106452
train,16,50,0.3199420203542501
train,16,51,0.30915705954655787
train,16,52,0.24093246296880588
train,16,53,0.32407183051072175
train,16,54,0.49873141559560735
train,16,55,0.618749183994433
train,16,56,0.4528696174948228
train,16,57,0.4864954415779315
train,16,58,0.29523794264322223
train,16,59,0.31361117125116805
train,16,60,0.4656571141904315
train,16,61,0.29732149594253465
train,16,62,0.36246081739249547
train,16,63,0.35910696730060243
train,16,64,0.37074579131821056
train,16,65,0.25760647063987313
train,16,66,0.33389534977259994
train,16,67,0.255804825010814
train,16,68,0.3632713478131589
train,16,69,0.497960490542431
train,16,70,0.3799370517097575
train,16,71,0.5744681312176795
train,16,72,0.32311678271204936
train,16,73,0.43747273219655725
train,16,74,0.5477680704252229
train,16,75,0.4017013057769938
train,16,76,0.26707050450512826
train,16,77,0.4449846072984444
train,16,78,0.3385626926308485
train,16,79,0.2962638812038576
train,16,80,0.3871860413369477
train,16,81,0.3919703527005695
train,16,82,0.3201405695518924
train,16,83,0.2901892212932584
train,16,84,0.4861117136472201
train,16,85,0.235570507499908
train,16,86,0.4274814299634566
train,16,87,0.4882155222168062
train,16,88,0.4146118079811335
train,16,89,0.2557833391811406
train,16,90,0.3565783406904509
train,16,91,0.4593988270325736
train,16,92,0.5503500980924754
train,16,93,0.5700944325334416
train,16,94,0.2734138784501729
train,16,95,0.5748791841659258
train,16,96,0.5197756680667334
train,16,97,0.41206316354460604
train,16,98,0.5632038308326862
train,16,99,0.2611644904977538
train,16,100,0.4836041951287105
train,16,101,0.38826101212806335
train,16,102,0.3669982502712851
train,16,103,0.336112343618365
train,16,104,0.3788126721890156
train,16,105,0.3269236680482922
train,16,106,0.2713180933590614
train,16,107,0.5493549234775326
train,16,108,0.42255590811438365
train,16,109,0.531995386704541
train,16,110,0.36620791137550845
train,16,111,0.31618050247652096
train,16,112,0.34968977801557394
train,16,113,0.27446165917743437
train,16,114,0.2834819780228398
train,16,115,0.2711510669144118
train,16,116,0.31962181699999626
train,16,117,0.21479023840674077
train,16,118,0.4066516803565252
train,16,119,0.32982839400011466
train,16,120,0.44284338769733594
train,16,121,0.3341735622469776
train,16,122,0.31639578549591607
train,16,123,0.5179832779594213
train,16,124,0.520915953282639
train,16,125,0.4735539690052868
train,16,126,0.516966348633897
train,16,127,0.4518646565874189
train,16,128,0.2956631686651441
train,16,129,0.5045285054880917
train,16,130,0.4420755807003863
train,16,131,0.3762005592779619
train,16,132,0.46331303674435287
train,16,133,0.38185307590452067
train,16,134,0.2839659902586169
train,16,135,0.2916167426953128
train,16,136,0.40865604813867706
train,16,137,0.43308370681801844
train,16,138,0.37955686892080487
train,16,139,0.4947503279740641
train,16,140,0.4848597359120265
train,16,141,0.5728469073862306
train,16,142,0.37265690801415075
train,16,143,0.3225540148758951
train,16,144,0.29867313587737687
train,16,145,0.19535063959208243
train,16,146,0.5932720324605935
train,16,147,0.5822497430056797
train,16,148,0.5168810117329758
train,16,149,0.48081589702149835
train,16,150,0.47983493528486226
train,16,151,0.47333639498181646
train,16,152,0.4239656841321637
train,16,153,0.5766826372382555
train,16,154,0.4550339609473859
train,16,155,0.5445868285951327
train,16,156,0.33513737294465007
train,16,157,0.48944214169948064
train,16,158,0.6161417090873964
train,16,159,0.5060151934120916
train,16,160,0.6676192917955708
train,16,161,0.24468046697907367
train,16,162,0.5913478587928896
train,16,163,0.2877946554390673
train,16,164,0.2961842544884308
train,16,165,0.5633573827621081
train,16,166,0.29775177711685785
train,16,167,0.537842607089695
train,16,168,0.33806992200864416
train,16,169,0.35721299439549
train,16,170,0.3581659720777378
train,16,171,0.40171332937350035
train,16,172,0.5878287102429696
train,16,173,0.40152941590473534
train,16,174,0.46292105690014507
train,16,175,0.26419585531697887
train,16,176,0.5089031008722421
train,16,177,0.3298414804268862
train,16,178,0.35688276123850443
train,16,179,0.27105480239926316
train,16,180,0.44147129264876994
train,16,181,0.2740370894679839
train,16,182,0.28920461290733546
train,16,183,0.44267417721033786
train,16,184,0.409499313451456
train,16,185,0.3252126312190333
train,16,186,0.3899007873509402
train,16,187,0.2544175885078299
train,16,188,0.45164663297815055
train,16,189,0.3183821447538793
train,16,190,0.4301708295235566
train,16,191,0.2910691303791446
train,16,192,0.4184856978814292
train,16,193,0.5188980348517196
train,16,194,0.20691844202759727
train,16,195,0.49297070728137216
train,16,196,0.38095392665849526
train,16,197,0.2799376032758727
train,16,198,0.388210418740729
train,16,199,0.4076679998348846
train,16,200,0.5130556591613982
train,16,201,0.6048422345844677
train,16,202,0.4460784129756218
train,16,203,0.4656103021776732
train,16,204,0.5468485150471721
train,16,205,0.3897405864147584
train,16,206,0.43523653816446084
train,16,207,0.4111835205104342
train,16,208,0.4136169225307762
train,16,209,0.47203276541192063
train,16,210,0.49244856043548013
train,16,211,0.4040966996944988
train,16,212,0.5760459480260525
train,16,213,0.3266637911918605
train,16,214,0.4911773938525405
train,16,215,0.36423510519640684
train,16,216,0.3869452078056733
train,16,217,0.3659733421267157
train,16,218,0.5039704263747706
train,16,219,0.42802952052842014
train,16,220,0.49218729860482324
train,16,221,0.5776473741240584
train,16,222,0.3713292717364813
train,16,223,0.25724625620382385
train,16,224,0.4409701204098752
train,16,225,0.4778540401630968
train,16,226,0.3360853704617329
train,16,227,0.3915784197892905
train,16,228,0.4556461901008366
train,16,229,0.5416999028252463
train,16,230,0.4327164372418941
train,16,231,0.42992128440413974
train,16,232,0.45116934711427625
train,16,233,0.5696019936086683
train,16,234,0.3244790171603277
train,16,235,0.5152940396621588
train,16,236,0.3016427203271042
train,16,237,0.3251111729234828
train,16,238,0.5500082636641153
train,16,239,0.4577638986438598
train,16,240,0.47512715897061386
train,16,241,0.5244000319427248
train,16,242,0.37320733936031547
train,16,243,0.48618652425231834
train,16,244,0.33952800604663697
train,16,245,0.4144712917237689
train,16,246,0.3920228782844927
train,16,247,0.2848121222580081
train,16,248,0.40455843767895266
train,16,249,0.4439125051079024
train,16,250,0.22154294723759443
train,16,251,0.3499921416250388
train,16,252,0.366893015929559
train,16,253,0.45505773329823124
train,16,254,0.2819660360771806
train,16,255,0.4258671832283409
train,16,256,0.30386112461085174
train,16,257,0.6385011772495915
train,16,258,0.3417174665148566
train,16,259,0.25085860317329767
train,16,260,0.5268741814092028
train,16,261,0.3600020698967952
train,16,262,0.5324732059073756
train,16,263,0.2951186707377228
train,16,264,0.3537165308369763
train,16,265,0.4375628737119013
train,16,266,0.4345485480892429
train,16,267,0.23896437827609715
train,16,268,0.4338783018792816
train,16,269,0.3176962046445166
train,16,270,0.4809915102653902
train,16,271,0.42084918951935774
train,16,272,0.32981451952086516
train,16,273,0.279548882329875
train,16,274,0.4014730088237781
train,16,275,0.22414836246122463
train,16,276,0.3588897140932724
train,16,277,0.4312651175982025
train,16,278,0.3855564509510656
train,16,279,0.40721815014971585
train,16,280,0.5425809881247936
train,16,281,0.4548099936956733
train,16,282,0.428824838281498
train,16,283,0.5220693637397484
train,16,284,0.4970309238839719
train,16,285,0.36568194427492584
train,16,286,0.4240824963262246
train,16,287,0.5011531170081537
train,16,288,0.36360450732154426
train,16,289,0.3519833727307427
train,16,290,0.5378245305635394
train,16,291,0.36304403352826087
train,16,292,0.47987178861738683
train,16,293,0.3949940585833772
train,16,294,0.3169327185087839
train,16,295,0.43784276901380237
train,16,296,0.5304492532832413
train,16,297,0.4619428424057058
train,16,298,0.33619857140872267
train,16,299,0.30631404841758375
train,16,300,0.3099662248747048
train,16,301,0.39523386422147594
train,16,302,0.2884745658631188
train,16,303,0.44070825739146535
train,16,304,0.32296608897253265
train,16,305,0.3423352280591643
train,16,306,0.39743156106077104
train,16,307,0.573131339488552
train,16,308,0.39377715547799885
train,16,309,0.3840823523388358
train,16,310,0.3725223661463659
train,16,311,0.5198004876038165
train,16,312,0.5133111271970667
train,16,313,0.529276463548307
train,16,314,0.2379936960304514
train,16,315,0.4609437997513951
train,16,316,0.2487309620054127
train,16,317,0.5528254819272569
train,16,318,0.4558865319279121
train,16,319,0.39489871586416136
train,16,320,0.38448317418300215
train,16,321,0.40905955850113906
train,16,322,0.3287556834081924
train,16,323,0.3964440564536574
train,16,324,0.3183570755475016
train,16,325,0.4036592711714691
train,16,326,0.3137792661753924
train,16,327,0.34706822265596793
train,16,328,0.44797828257660227
train,16,329,0.30821431977388025
train,16,330,0.4054625339522396
train,16,331,0.41158166565634724
train,16,332,0.45899111362473577
train,16,333,0.45136341331414254
train,16,334,0.34751105649931846
train,16,335,0.3257019408583589
train,16,336,0.37867778695531107
train,16,337,0.364943296393377
train,16,338,0.46480451577245857
train,16,339,0.3445061983699457
train,16,340,0.5004024278338232
train,16,341,0.38724564705397857
train,16,342,0.46243926452927675
train,16,343,0.3847711661513073
train,16,344,0.3197875538311404
train,16,345,0.31664976216101676
train,16,346,0.6402332346070589
train,16,347,0.3242807363470498
train,16,348,0.48497686757072633
train,16,349,0.41867657098875977
train,16,350,0.542925185939888
train,16,351,0.38643042740673905
train,16,352,0.3667756158296237
train,16,353,0.49424958880004083
train,16,354,0.4370092199380766
train,16,355,0.598246990345064
train,16,356,0.4601787127095496
train,16,357,0.4006506645451599
train,16,358,0.2880339227645585
train,16,359,0.3962835211621992
train,16,360,0.414127871324412
train,16,361,0.6202658295384024
train,16,362,0.631709694911512
train,16,363,0.35562817087602105
train,16,364,0.36620335264383985
train,16,365,0.47613907372097375
train,16,366,0.39576253941300693
train,16,367,0.4310907127222109
train,16,368,0.40774553046293793
train,16,369,0.35007620339396295
train,16,370,0.38724942335006196
train,16,371,0.5181199163431255
train,16,372,0.33928008297829365
train,16,373,0.4723446775547297
train,16,374,0.31794611196663936
train,16,375,0.2595056408504652
train,16,376,0.2861598664500015
train,16,377,0.32235099906821063
train,16,378,0.36715104698656137
train,16,379,0.4210827977323171
train,16,380,0.5531561766515365
train,16,381,0.2850496558166803
train,16,382,0.4856958195412196
train,16,383,0.27341901530110174
train,16,384,0.3944890261984439
train,16,385,0.31051339977284426
train,16,386,0.5015978343153475
train,16,387,0.4732839073495846
train,16,388,0.4559778322515105
train,16,389,0.4279418971300096
train,16,390,0.33963477581181156
train,16,391,0.3706424338772908
train,16,392,0.32653443603811944
train,16,393,0.3476332041852848
train,16,394,0.4867217851764403
train,16,395,0.5120549453083734
train,16,396,0.5466955198924126
train,16,397,0.5984085230357166
train,16,398,0.3396702523791357
train,16,399,0.2323888516037652
train,16,400,0.4572023108742849
train,16,401,0.5369640443754612
train,16,402,0.5000461643241076
train,16,403,0.35041611327840416
train,16,404,0.41359581392196565
train,16,405,0.3705491553145074
train,16,406,0.5735567322538998
train,16,407,0.4284315646669987
train,16,408,0.41318268484043474
train,16,409,0.3231478606929906
train,16,410,0.36828862393475925
train,16,411,0.5273886220948583
train,16,412,0.2661209683560437
train,16,413,0.3552123982611444
train,16,414,0.6736182043918169
train,16,415,0.47511072321165737
train,16,416,0.4757617287423265
train,16,417,0.39473393019162123
train,16,418,0.45793065083206286
train,16,419,0.4403974899544897
train,16,420,0.40128494076900323
train,16,421,0.33034337413460035
train,16,422,0.3954747396110699
train,16,423,0.5189371430882861
train,16,424,0.44012408609110587
train,16,425,0.4082495284327528
train,16,426,0.4492853180208777
train,16,427,0.41226606591217807
train,16,428,0.40730129184145447
train,16,429,0.385858924591737
train,16,430,0.3603744294895044
train,16,431,0.41721753736743833
train,16,432,0.5758710668754564
train,16,433,0.3439792467756706
train,16,434,0.35694246625722237
train,16,435,0.29595037386648126
train,16,436,0.30879692880210796
train,16,437,0.465875596194365
train,16,438,0.43533200166579356
train,16,439,0.17783688969742042
train,16,440,0.38938988258511265
train,16,441,0.32146584913142096
train,16,442,0.2706810200961658
train,16,443,0.43822236431773753
train,16,444,0.3970897892310303
train,16,445,0.5694857307168503
train,16,446,0.40825404492157263
train,16,447,0.2751095012173046
train,16,448,0.39935221351539907
train,16,449,0.3532412213666448
train,16,450,0.39899580585785577
train,16,451,0.3358949049990746
train,16,452,0.490343035211861
train,16,453,0.2974469180897634
train,16,454,0.38334786159867423
train,16,455,0.4742645330592422
train,16,456,0.3964194005998315
train,16,457,0.40029970853439417
train,16,458,0.34782656342024254
train,16,459,0.49918821773461547
train,16,460,0.3101081382655802
train,16,461,0.46682801528751916
train,16,462,0.45606035461484773
train,16,463,0.4742617752760212
train,16,464,0.40398619980469963
train,16,465,0.299965361571967
train,16,466,0.3043377697625181
train,16,467,0.4625198108788865
train,16,468,0.3353249571679797
train,16,469,0.5180539723927874
train,16,470,0.3392002152417444
train,16,471,0.47642745734183967
train,16,472,0.44492542479835046
train,16,473,0.34349764607097627
train,16,474,0.32907204668269885
train,16,475,0.36894292961869557
train,16,476,0.6541456339545313
train,16,477,0.39338952526376814
train,16,478,0.5016934908452539
train,16,479,0.35971894339880106
train,16,480,0.4038769501784551
train,17,1,0.29379886472291994
train,17,2,0.24660166532209588
train,17,3,0.4997550143508196
train,17,4,0.5099839512033091
train,17,5,0.5608423382370554
train,17,6,0.328239431098955
train,17,7,0.394995998547329
train,17,8,0.3840507472880881
train,17,9,0.4706033363376428
train,17,10,0.3788380672251246
train,17,11,0.321891703638157
train,17,12,0.404170679735287
train,17,13,0.2685086210642129
train,17,14,0.4206908113489284
train,17,15,0.30108064348783997
train,17,16,0.3992745367343459
train,17,17,0.32837713659226886
train,17,18,0.4997575328049451
train,17,19,0.5883460890147209
train,17,20,0.3432971852226282
train,17,21,0.4779998994527718
train,17,22,0.29273160902895506
train,17,23,0.5158426388136385
train,17,24,0.42713214923865334
train,17,25,0.38850128841726383
train,17,26,0.3802380047305531
train,17,27,0.4337719321191417
train,17,28,0.37302490054947024
train,17,29,0.30699741406885184
train,17,30,0.344806483905912
train,17,31,0.3514687501916177
train,17,32,0.4732663870413152
train,17,33,0.29614715112351975
train,17,34,0.3237087738824813
train,17,35,0.36826696345088145
train,17,36,0.5693101366505182
train,17,37,0.3604502849729935
train,17,38,0.34958743477458537
train,17,39,0.4358175705460964
train,17,40,0.2570032481874272
train,17,41,0.25084358166120835
train,17,42,0.5116981437311534
train,17,43,0.35965250537957194
train,17,44,0.43307296572350906
train,17,45,0.35638506107979084
train,17,46,0.48123445132954445
train,17,47,0.3521507760518907
train,17,48,0.42248857132512324
train,17,49,0.5357010129422078
train,17,50,0.30158245416576523
train,17,51,0.2866271380848672
train,17,52,0.3601528721130881
train,17,53,0.206684777425366
train,17,54,0.38747592231187356
train,17,55,0.4004261816826331
train,17,56,0.45438502847525475
train,17,57,0.36283173215999454
train,17,58,0.4554957291350137
train,17,59,0.5020054128670643
train,17,60,0.27048955522865287
train,17,61,0.4250896786833887
train,17,62,0.3453795938056362
train,17,63,0.3557977286444898
train,17,64,0.36974062167753374
train,17,65,0.3290352239013809
train,17,66,0.3810332048080498
train,17,67,0.4663496782147257
train,17,68,0.5694107806733297
train,17,69,0.5090294315199144
train,17,70,0.2497376043946414
train,17,71,0.558553126967392
train,17,72,0.439573828344078
train,17,73,0.35637136316259804
train,17,74,0.4485926454967214
train,17,75,0.28729068999782537
train,17,76,0.47692801004617413
train,17,77,0.41293559111809186
train,17,78,0.46149303748328313
train,17,79,0.30169125194699276
train,17,80,0.30244038070501955
train,17,81,0.47841899979238456
train,17,82,0.30410428793997
train,17,83,0.5652624995791531
train,17,84,0.29117224566868544
train,17,85,0.3640744259388926
train,17,86,0.31758149314576223
train,17,87,0.4606231260161469
train,17,88,0.3226215917351876
train,17,89,0.3618812902945433
train,17,90,0.3961555417654995
train,17,91,0.38147743243248744
train,17,92,0.4313419822153505
train,17,93,0.4450062802516972
train,17,94,0.3840897296216652
train,17,95,0.286045395976561
train,17,96,0.46118997941806467
train,17,97,0.22982523359051715
train,17,98,0.39476814724532167
train,17,99,0.28908708612574396
train,17,100,0.2974054008814612
train,17,101,0.25079424337839085
train,17,102,0.31097241436460976
train,17,103,0.37733184033396805
train,17,104,0.29333997035573306
train,17,105,0.4817706239371266
train,17,106,0.6085941167858999
train,17,107,0.3092385382511037
train,17,108,0.440567568640721
train,17,109,0.46356756417686706
train,17,110,0.4741491536504686
train,17,111,0.401737223552841
train,17,112,0.5498769266808212
train,17,113,0.37759664673635623
train,17,114,0.29447369942545487
train,17,115,0.4188552834408964
train,17,116,0.5274556321133974
train,17,117,0.439655998725474
train,17,118,0.4863798042353396
train,17,119,0.4535560308666895
train,17,120,0.3723034637176673
train,17,121,0.4235573174977527
train,17,122,0.41195482722452464
train,17,123,0.36779585150001426
train,17,124,0.42013671938370334
train,17,125,0.28973977028794806
train,17,126,0.38708187033001895
train,17,127,0.47439998522166993
train,17,128,0.40039501187314686
train,17,129,0.2608109275011614
train,17,130,0.37028322559328086
train,17,131,0.3342802863029945
train,17,132,0.29018366803819784
train,17,133,0.3362802001612518
train,17,134,0.3994314634183617
train,17,135,0.3197077145697684
train,17,136,0.383717970570018
train,17,137,0.4394304036466191
train,17,138,0.5573117513400837
train,17,139,0.5009273600224232
train,17,140,0.2687306102500171
train,17,141,0.3633603275557478
train,17,142,0.5097338853215592
train,17,143,0.3405575647101305
train,17,144,0.3031682446123992
train,17,145,0.5955229307629628
train,17,146,0.5204573898140807
train,17,147,0.4763699535453531
train,17,148,0.48075793406648487
train,17,149,0.4140581133008685
train,17,150,0.48836548794059764
train,17,151,0.4395285104365045
train,17,152,0.6032263494097294
train,17,153,0.5167796231825363
train,17,154,0.3356305782113793
train,17,155,0.44907146326099606
train,17,156,0.35161038533058137
train,17,157,0.3992617049015803
train,17,158,0.4060938014868069
train,17,159,0.3817769435128677
train,17,160,0.4287186655120999
train,17,161,0.4876838806123854
train,17,162,0.37845209574770455
train,17,163,0.4673379783286633
train,17,164,0.281695924305338
train,17,165,0.327286049187174
train,17,166,0.37068300560173234
train,17,167,0.3397958792639113
train,17,168,0.4335600810034488
train,17,169,0.4077870594600926
train,17,170,0.376121016600334
train,17,171,0.4208157797450853
train,17,172,0.27627003357488217
train,17,173,0.3484292406422863
train,17,174,0.4256886012186819
train,17,175,0.33568377154870765
train,17,176,0.3209493468044723
train,17,177,0.25889630610125114
train,17,178,0.2972820094306026
train,17,179,0.41515579437423106
train,17,180,0.3210992415476057
train,17,181,0.40062809137854966
train,17,182,0.5598765184732509
train,17,183,0.4623301309449803
train,17,184,0.5065107340669905
train,17,185,0.43870653774292867
train,17,186,0.465540178945417
train,17,187,0.474344587770154
train,17,188,0.5212995488048642
train,17,189,0.6924267675852206
train,17,190,0.2559022838820373
train,17,191,0.5245131017528655
train,17,192,0.36180239855658447
train,17,193,0.499201858535001
train,17,194,0.694511282386352
train,17,195,0.4700777214185389
train,17,196,0.5777673880473886
train,17,197,0.3081980836640361
train,17,198,0.21379005918748017
train,17,199,0.43144841574113635
train,17,200,0.34095877189674606
train,17,201,0.33184174097431474
train,17,202,0.2904812021774393
train,17,203,0.39220351861975344
train,17,204,0.5263533943667529
train,17,205,0.40026473695270054
train,17,206,0.4192824956570141
train,17,207,0.43988271511561794
train,17,208,0.30157559981312626
train,17,209,0.49857313905272443
train,17,210,0.4150232640061624
train,17,211,0.47894858320970973
train,17,212,0.4146714600994443
train,17,213,0.4096003453620296
train,17,214,0.3228749687557769
train,17,215,0.38243090724054335
train,17,216,0.38585594639798165
train,17,217,0.5486910364452517
train,17,218,0.4972321970147251
train,17,219,0.31861329453532533
train,17,220,0.4854176075043627
train,17,221,0.35972824753958543
train,17,222,0.3266415294276909
train,17,223,0.48636161418155877
train,17,224,0.39703400479937734
train,17,225,0.4228068447446105
train,17,226,0.3329827975060313
train,17,227,0.31372873130630535
train,17,228,0.2934827451409393
train,17,229,0.4350681460506888
train,17,230,0.5272746297909949
train,17,231,0.33642900149628785
train,17,232,0.3578767181394559
train,17,233,0.7255988134976641
train,17,234,0.2525029931027156
train,17,235,0.38414837822801906
train,17,236,0.3390888583230969
train,17,237,0.3515343147231988
train,17,238,0.3187580634192848
train,17,239,0.28602111309468814
train,17,240,0.5054440674825451
train,17,241,0.2346535525056141
train,17,242,0.341809377248442
train,17,243,0.4337228845974468
train,17,244,0.24785369778753336
train,17,245,0.3933648669343991
train,17,246,0.39471482784392775
train,17,247,0.33414451793122224
train,17,248,0.38194162772279316
train,17,249,0.39094470607745885
train,17,250,0.34834582277168824
train,17,251,0.734605025117949
train,17,252,0.4274636834339577
train,17,253,0.3273473134787535
train,17,254,0.38199359764449736
train,17,255,0.45778241661586
train,17,256,0.2849120208955125
train,17,257,0.511898800798889
train,17,258,0.42447230170910577
train,17,259,0.44076479873293295
train,17,260,0.4650246291325302
train,17,261,0.3784847135378544
train,17,262,0.3439856704263168
train,17,263,0.5000126371177606
train,17,264,0.4995022909624103
train,17,265,0.46889887943347874
train,17,266,0.49006052834751845
train,17,267,0.3365608261566192
train,17,268,0.40262580430826866
train,17,269,0.354753110554112
train,17,270,0.35713478537127696
train,17,271,0.362638853760024
train,17,272,0.3182528795145522
train,17,273,0.3220981323414411
train,17,274,0.6177109442460699
train,17,275,0.31941914607067234
train,17,276,0.23897800190100826
train,17,277,0.2804424555890832
train,17,278,0.49387011497502886
train,17,279,0.5131703762265996
train,17,280,0.5050337357506318
train,17,281,0.3292847310598338
train,17,282,0.39055603797190924
train,17,283,0.41364438884147425
train,17,284,0.34248905807125996
train,17,285,0.42113784985052105
train,17,286,0.5898430254337346
train,17,287,0.4935682334184366
train,17,288,0.348080587754304
train,17,289,0.4443864938700226
train,17,290,0.264364652621189
train,17,291,0.3245294974523967
train,17,292,0.6000010844846312
train,17,293,0.4864940251581872
train,17,294,0.3168059611654873
train,17,295,0.3066127431783091
train,17,296,0.37359318223734345
train,17,297,0.4223832438022183
train,17,298,0.369940982162175
train,17,299,0.48235584890876326
train,17,300,0.31128851742617547
train,17,301,0.48878711551371934
train,17,302,0.3983552264306118
train,17,303,0.2780250711135739
train,17,304,0.3552701866853062
train,17,305,0.44211711130922576
train,17,306,0.5987066470843466
train,17,307,0.3187883652031396
train,17,308,0.34100937050723434
train,17,309,0.4256980786556801
train,17,310,0.35286450713814377
train,17,311,0.3831496803630938
train,17,312,0.3120932120447316
train,17,313,0.4476709757268379
train,17,314,0.3498801521426229
train,17,315,0.4709435858074263
train,17,316,0.34426388205107633
train,17,317,0.5608086051619725
train,17,318,0.35307498244614854
train,17,319,0.4241035074180285
train,17,320,0.3950072741832009
train,17,321,0.49466960679794614
train,17,322,0.4556242088367483
train,17,323,0.485197775600402
train,17,324,0.3278275750643213
train,17,325,0.2994635797802714
train,17,326,0.3561941224883915
train,17,327,0.38473127177261
train,17,328,0.5503273957265651
train,17,329,0.6502089733315956
train,17,330,0.4329190013358868
train,17,331,0.4290338281261768
train,17,332,0.3709160049343355
train,17,333,0.48624135657959205
train,17,334,0.34758085130070515
train,17,335,0.4303144165962132
train,17,336,0.46739247615183654
train,17,337,0.6161915028436158
train,17,338,0.37462771857543226
train,17,339,0.43137297287159915
train,17,340,0.3233550132818782
train,17,341,0.35004884909137146
train,17,342,0.41016910168015663
train,17,343,0.2868598135399529
train,17,344,0.35559112500296136
train,17,345,0.22576775394448406
train,17,346,0.46949774131312383
train,17,347,0.3774619164583657
train,17,348,0.402003931437014
train,17,349,0.4940962633261294
train,17,350,0.4461135247504362
train,17,351,0.3083965667654862
train,17,352,0.30025109988860477
train,17,353,0.3571271307255379
train,17,354,0.37427917700334423
train,17,355,0.35236505407249585
train,17,356,0.39604320078367466
train,17,357,0.7395927004463367
train,17,358,0.33223287541710317
train,17,359,0.28039927234409284
train,17,360,0.5965310433624158
train,17,361,0.40964693712108097
train,17,362,0.316399947406499
train,17,363,0.43321743106962596
train,17,364,0.5707253051543453
train,17,365,0.29836291021494565
train,17,366,0.28229943132089874
train,17,367,0.3390257446654464
train,17,368,0.5087205181339873
train,17,369,0.38380554286306734
train,17,370,0.5145607371334593
train,17,371,0.5960454108037913
train,17,372,0.2579501304767449
train,17,373,0.3380749708579992
train,17,374,0.4873768818966806
train,17,375,0.34141767778590176
train,17,376,0.377065248169509
train,17,377,0.4882967995826991
train,17,378,0.4181358380280128
train,17,379,0.3810944315321363
train,17,380,0.37173577759215637
train,17,381,0.37167064859114485
train,17,382,0.3118510721295924
train,17,383,0.3431864083134897
train,17,384,0.3670437383387424
train,17,385,0.4591375995961327
train,17,386,0.38699794159708867
train,17,387,0.5847298694488838
train,17,388,0.3564127524705537
train,17,389,0.4147227971448437
train,17,390,0.40964850298586464
train,17,391,0.3779568037127945
train,17,392,0.4416883342303463
train,17,393,0.45103083117754506
train,17,394,0.3485359544836973
train,17,395,0.45746287197322827
train,17,396,0.6020512802839479
train,17,397,0.5587316135812106
train,17,398,0.4769534799377727
train,17,399,0.4694978259532363
train,17,400,0.3864850874451735
train,17,401,0.45850338111058075
train,17,402,0.512260184015572
train,17,403,0.39455344504952716
train,17,404,0.32753180307821206
train,17,405,0.42814550513367133
train,17,406,0.22160081389371178
train,17,407,0.35036078821502653
train,17,408,0.3305182818929988
train,17,409,0.7398405177181684
train,17,410,0.3642392408869408
train,17,411,0.36307006662261804
train,17,412,0.3836771166617986
train,17,413,0.4928877976531547
train,17,414,0.3490709795968707
train,17,415,0.4670961048111807
train,17,416,0.3786261845921971
train,17,417,0.4199377671067741
train,17,418,0.35240147440227493
train,17,419,0.4834415156463093
train,17,420,0.3255359702488929
train,17,421,0.3424333483910863
train,17,422,0.31413957814408694
train,17,423,0.28646143363119614
train,17,424,0.22187506778562294
train,17,425,0.2596454937914986
train,17,426,0.45366511043984936
train,17,427,0.47708259930157826
train,17,428,0.43849171226237504
train,17,429,0.4786213643368972
train,17,430,0.3436371243272938
train,17,431,0.28313795490533605
train,17,432,0.3970515077907948
train,17,433,0.42853439921817044
train,17,434,0.7437735791564335
train,17,435,0.31554392787923047
train,17,436,0.26209841675463497
train,17,437,0.3628639588419684
train,17,438,0.3210251458652258
train,17,439,0.35164552227375556
train,17,440,0.2427376915067117
train,17,441,0.46897275033720476
train,17,442,0.4822191949247079
train,17,443,0.46697814746085614
train,17,444,0.24147981800301127
train,17,445,0.4759684216490344
train,17,446,0.46740785326326506
train,17,447,0.3702235629623316
train,17,448,0.3626997432314419
train,17,449,0.27316245731596817
train,17,450,0.36131392871621426
train,17,451,0.3160775594870667
train,17,452,0.3814474146722263
train,17,453,0.6985157195497183
train,17,454,0.5557093662396673
train,17,455,0.45969047299206245
train,17,456,0.5174928385149309
train,17,457,0.2897779295967855
train,17,458,0.45759958681919743
train,17,459,0.26392247959541515
train,17,460,0.4906452899435282
train,17,461,0.42650642107714093
train,17,462,0.47354552154280927
train,17,463,0.3307808751180676
train,17,464,0.44188401726854754
train,17,465,0.29802265870641126
train,17,466,0.5802628170695414
train,17,467,0.3755942625505538
train,17,468,0.3851510563989273
train,17,469,0.31058848474845635
train,17,470,0.25556312606899756
train,17,471,0.3337590938478746
train,17,472,0.3637000408455082
train,17,473,0.4046387084055321
train,17,474,0.5892338963988984
train,17,475,0.33433999784397894
train,17,476,0.2843096548451926
train,17,477,0.2855934931509838
train,17,478,0.3510569662860141
train,17,479,0.4312624763033953
train,17,480,0.4258718100648097
train,18,1,0.31982217273810254
train,18,2,0.43628532498477396
train,18,3,0.40861428004864614
train,18,4,0.405425159182644
train,18,5,0.3605162356161802
train,18,6,0.44240103775232703
train,18,7,0.5149591886643032
train,18,8,0.44340955251990394
train,18,9,0.34957562494861283
train,18,10,0.26778962445214366
train,18,11,0.23131080775907642
train,18,12,0.44949726319372424
train,18,13,0.5098322711825214
train,18,14,0.3297246210033957
train,18,15,0.4364458586728145
train,18,16,0.5954570095250263
train,18,17,0.3135655192445389
train,18,18,0.499875968635867
train,18,19,0.45804695349187746
train,18,20,0.4655099636750152
train,18,21,0.2967185450833366
train,18,22,0.38982482808422475
train,18,23,0.3816863022806847
train,18,24,0.3315526757890419
train,18,25,0.3521568145355717
train,18,26,0.2862585638454731
train,18,27,0.3935020589758661
train,18,28,0.41271811644874007
train,18,29,0.28637941657771626
train,18,30,0.4324905246409376
train,18,31,0.4653939239788403
train,18,32,0.292048547730952
train,18,33,0.63777568237432
train,18,34,0.43532540649851115
train,18,35,0.35211792654812524
train,18,36,0.3575252980811008
train,18,37,0.33292831879336804
train,18,38,0.34652143378349165
train,18,39,0.3970677931840838
train,18,40,0.4172925135880408
train,18,41,0.640369608008283
train,18,42,0.4653502335737771
train,18,43,0.3185874506473392
train,18,44,0.34105015469174427
train,18,45,0.3530411833603725
train,18,46,0.3078317448868999
train,18,47,0.33439505305685635
train,18,48,0.5206971935604183
train,18,49,0.3487700773517267
train,18,50,0.31901756656639996
train,18,51,0.3695479833359091
train,18,52,0.5336603161109782
train,18,53,0.22541997480845638
train,18,54,0.42160337894798894
train,18,55,0.4014342074939555
train,18,56,0.3637453829760573
train,18,57,0.40076107967277774
train,18,58,0.33018531996556233
train,18,59,0.3096156431945307
train,18,60,0.25419160957380194
train,18,61,0.5628665281604535
train,18,62,0.5140527356598429
train,18,63,0.4532938914716087
train,18,64,0.41468973564336653
train,18,65,0.3062497669558448
train,18,66,0.28028984570038934
train,18,67,0.3401096043287247
train,18,68,0.3804703875755025
train,18,69,0.23407828029880037
train,18,70,0.34057935404232015
train,18,71,0.35886796760435147
train,18,72,0.5729628551822651
train,18,73,0.6882957038303267
train,18,74,0.45439171528765615
train,18,75,0.5175501187872483
train,18,76,0.4147265290395139
train,18,77,0.7046333351413876
train,18,78,0.3454367193260219
train,18,79,0.36584267586013647
train,18,80,0.39177867766561375
train,18,81,0.3784999599952841
train,18,82,0.4287225837181843
train,18,83,0.6199690585396751
train,18,84,0.35949960366487793
train,18,85,0.40935627912530576
train,18,86,0.5084446032085427
train,18,87,0.4804962134788481
train,18,88,0.2599670503461733
train,18,89,0.41118391400501775
train,18,90,0.35393444568858246
train,18,91,0.373789155268172
train,18,92,0.3593767727755627
train,18,93,0.5840507584042145
train,18,94,0.2649794219782475
train,18,95,0.626528797348382
train,18,96,0.45481113217520514
train,18,97,0.3779791443729086
train,18,98,0.3274378856677165
train,18,99,0.3519704429752534
train,18,100,0.47968333639146865
train,18,101,0.5215976139437268
train,18,102,0.44744811160447673
train,18,103,0.22363379245188386
train,18,104,0.30660110751813024
train,18,105,0.3530168469828086
train,18,106,0.3248467869536166
train,18,107,0.7085998056978512
train,18,108,0.44988352490067324
train,18,109,0.4011574121301124
train,18,110,0.3733651578882945
train,18,111,0.42844019324753135
train,18,112,0.4072713165233255
train,18,113,0.29539560659031633
train,18,114,0.4615098728384264
train,18,115,0.45779716786747293
train,18,116,0.3743774056723157
train,18,117,0.23089767441826164
train,18,118,0.5626330507310767
train,18,119,0.4364638515769713
train,18,120,0.5578280525516331
train,18,121,0.3547526777537433
train,18,122,0.29291673931839834
train,18,123,0.28863739813824413
train,18,124,0.2184511226305944
train,18,125,0.4334844640167058
train,18,126,0.41449655606816094
train,18,127,0.5054367817094907
train,18,128,0.3608727804476234
train,18,129,0.38687897547165306
train,18,130,0.32588278830342365
train,18,131,0.3178039747702267
train,18,132,0.23237517081297698
train,18,133,0.3988072115287059
train,18,134,0.3548101466282102
train,18,135,0.4714690532177505
train,18,136,0.3835860270707523
train,18,137,0.4102343823984802
train,18,138,0.3503397221006972
train,18,139,0.4549955589918741
train,18,140,0.3838326001380372
train,18,141,0.354408551489211
train,18,142,0.465979075806785
train,18,143,0.25259650641168285
train,18,144,0.3255095715116395
train,18,145,0.4140108340358095
train,18,146,0.33762051646561786
train,18,147,0.45037471807266377
train,18,148,0.42052413377346515
train,18,149,0.38693515044838
train,18,150,0.5026501354216101
train,18,151,0.35242135994970236
train,18,152,0.33117243613067365
train,18,153,0.3100140320399368
train,18,154,0.2661254745300349
train,18,155,0.5470078690860504
train,18,156,0.5646859873241097
train,18,157,0.424389769689647
train,18,158,0.6084301968121486
train,18,159,0.40510109086373536
train,18,160,0.484076989693075
train,18,161,0.4185132466377996
train,18,162,0.33866778154467053
train,18,163,0.6536522506048281
train,18,164,0.2983155715561862
train,18,165,0.23006669078298522
train,18,166,0.49640184792762376
train,18,167,0.3605900162711657
train,18,168,0.4679180500348614
train,18,169,0.2908764216962479
train,18,170,0.41525225501764385
train,18,171,0.6039295105151499
train,18,172,0.3359038569759911
train,18,173,0.3368629526593985
train,18,174,0.4539110789396784
train,18,175,0.3921492624472614
train,18,176,0.5480993043825109
train,18,177,0.3428587248023741
train,18,178,0.33643297683602547
train,18,179,0.4190226743791899
train,18,180,0.4100744035414589
train,18,181,0.46986949717844534
train,18,182,0.39870580747879536
train,18,183,0.2722382093368069
train,18,184,0.4269185895449835
train,18,185,0.2513247919164038
train,18,186,0.5891513942048948
train,18,187,0.58291418714002
train,18,188,0.5446405415540758
train,18,189,0.30117568165072567
train,18,190,0.31693564118518835
train,18,191,0.4537375314386173
train,18,192,0.40425796224324884
train,18,193,0.3838135012467432
train,18,194,0.5535894867875273
train,18,195,0.37970891515857963
train,18,196,0.32619380646149476
train,18,197,0.2863485740455255
train,18,198,0.21704956769181055
train,18,199,0.4978265896687308
train,18,200,0.3018026967194439
train,18,201,0.42522570461265935
train,18,202,0.35752084430992437
train,18,203,0.2930999178988507
train,18,204,0.38395939536862284
train,18,205,0.3460669155839353
train,18,206,0.3014606574942811
train,18,207,0.28118640693563113
train,18,208,0.3452271968124444
train,18,209,0.521995863373267
train,18,210,0.5356139658556918
train,18,211,0.31730815539502844
train,18,212,0.3706645359435626
train,18,213,0.38726937349845275
train,18,214,0.2662824495877094
train,18,215,0.2916697380048042
train,18,216,0.4262843816029678
train,18,217,0.283768500220105
train,18,218,0.4480194175786064
train,18,219,0.49096286530049543
train,18,220,0.45258890256557066
train,18,221,0.2552305100977192
train,18,222,0.26934133192967646
train,18,223,0.5306356399129563
train,18,224,0.2715747176509674
train,18,225,0.4082887036417525
train,18,226,0.47172082046971575
train,18,227,0.37365804434393274
train,18,228,0.4421254204855843
train,18,229,0.6478673415907474
train,18,230,0.4709468061943746
train,18,231,0.4372971900577657
train,18,232,0.4609454005130135
train,18,233,0.49866659945835506
train,18,234,0.4007805565308393
train,18,235,0.31011800025095426
train,18,236,0.4205806347317694
train,18,237,0.50035255285579
train,18,238,0.3559776490990838
train,18,239,0.3367659339066297
train,18,240,0.370371445471839
train,18,241,0.3324737343619638
train,18,242,0.36223261570535037
train,18,243,0.6169403155859633
train,18,244,0.6677791327885085
train,18,245,0.42771013886850245
train,18,246,0.364704026731968
train,18,247,0.462998621789574
train,18,248,0.46444847042912857
train,18,249,0.2527663840652108
train,18,250,0.4736304249264376
train,18,251,0.5288165805857329
train,18,252,0.41448598556180016
train,18,253,0.4371809843153045
train,18,254,0.26307808389992443
train,18,255,0.2540962709821449
train,18,256,0.40230909561837164
train,18,257,0.478809655369444
train,18,258,0.4059954468815442
train,18,259,0.4111514186339519
train,18,260,0.4647665044215872
train,18,261,0.39380733017686664
train,18,262,0.29711126790763714
train,18,263,0.3006562146844235
train,18,264,0.3606538965508622
train,18,265,0.336009703560461
train,18,266,0.3234769366751052
train,18,267,0.28668285437435737
train,18,268,0.5360053857306661
train,18,269,0.3613210340801572
train,18,270,0.2517331638588402
train,18,271,0.6471857905492094
train,18,272,0.35698087876537277
train,18,273,0.3442695636170079
train,18,274,0.398148991841114
train,18,275,0.3059386449525868
train,18,276,0.48607071109967237
train,18,277,0.559124385652453
train,18,278,0.37893720200676845
train,18,279,0.2650723490766036
train,18,280,0.30423635949501904
train,18,281,0.21958611859021163
train,18,282,0.3817715551172234
train,18,283,0.2521636447703066
train,18,284,0.43480247196892696
train,18,285,0.4499826602612875
train,18,286,0.4301837672127977
train,18,287,0.3495585754700953
train,18,288,0.25238512330983104
train,18,289,0.3313939939230011
train,18,290,0.4543043966746928
train,18,291,0.38692909076223125
train,18,292,0.49671145128507477
train,18,293,0.3350540337478569
train,18,294,0.3725249527588822
train,18,295,0.29397842389016027
train,18,296,0.4674997679496673
train,18,297,0.36356563127714225
train,18,298,0.636363001189159
train,18,299,0.275584407676618
train,18,300,0.36219674482776987
train,18,301,0.32660798345393216
train,18,302,0.5525966731413986
train,18,303,0.32917872416364236
train,18,304,0.3208364495388765
train,18,305,0.49838190251190284
train,18,306,0.36682692188949917
train,18,307,0.4882237764844685
train,18,308,0.2666140861189451
train,18,309,0.46277157161438376
train,18,310,0.4538932001226161
train,18,311,0.3217180283568799
train,18,312,0.32748349784455905
train,18,313,0.46210779518595213
train,18,314,0.2917006820904905
train,18,315,0.35978244162775214
train,18,316,0.2510933781518408
train,18,317,0.4871437201258427
train,18,318,0.4566507103497225
train,18,319,0.3205658688846206
train,18,320,0.3954081694789437
train,18,321,0.39536795203760905
train,18,322,0.39497853850950704
train,18,323,0.43250870768334765
train,18,324,0.3324427059899674
train,18,325,0.3849086522400385
train,18,326,0.5403560009497398
train,18,327,0.3430864070706035
train,18,328,0.324163837552655
train,18,329,0.3760121268841085
train,18,330,0.1844888812523392
train,18,331,0.43849156532369327
train,18,332,0.376510656385844
train,18,333,0.6672571966311849
train,18,334,0.40593898092016334
train,18,335,0.2912404190678991
train,18,336,0.3588004349242996
train,18,337,0.4018086937544318
train,18,338,0.3966781143160933
train,18,339,0.4656224485563819
train,18,340,0.4620433362497777
train,18,341,0.40494943225070335
train,18,342,0.40696196261459366
train,18,343,0.5803754106127327
train,18,344,0.43376743586182015
train,18,345,0.26106636660398963
train,18,346,0.5193878042562852
train,18,347,0.40200200667583974
train,18,348,0.3063998260627757
train,18,349,0.46692860680734627
train,18,350,0.4226355377103962
train,18,351,0.3777564545845754
train,18,352,0.23704710279591104
train,18,353,0.4136050891545563
train,18,354,0.28246005388427503
train,18,355,0.4471998127694785
train,18,356,0.27756750008092346
train,18,357,0.35228668079899356
train,18,358,0.2691684392125392
train,18,359,0.34164277868145054
train,18,360,0.3710799878312281
train,18,361,0.4121574602884688
train,18,362,0.26146419680297084
train,18,363,0.49070475511041106
train,18,364,0.3812678803743409
train,18,365,0.3339864703509487
train,18,366,0.5305850202716065
train,18,367,0.4115601285732537
train,18,368,0.45213888215793574
train,18,369,0.2748510989667474
train,18,370,0.3898647227317339
train,18,371,0.39552291155746305
train,18,372,0.48904947894056683
train,18,373,0.3567168471390386
train,18,374,0.5962146714157206
train,18,375,0.4500257396864586
train,18,376,0.36778569470114797
train,18,377,0.3182597769035795
train,18,378,0.3452613989250056
train,18,379,0.42162280843242605
train,18,380,0.2817223908924497
train,18,381,0.29238746922493974
train,18,382,0.3739206480314031
train,18,383,0.3867170339388189
train,18,384,0.2647566680488327
train,18,385,0.4229836424180977
train,18,386,0.2934169308267415
train,18,387,0.5019966994832277
train,18,388,0.26477202053677595
train,18,389,0.5660257642159272
train,18,390,0.44611594850809644
train,18,391,0.43280085989118267
train,18,392,0.5216794807490845
train,18,393,0.4779417203174061
train,18,394,0.36592612443897643
train,18,395,0.5220711476952309
train,18,396,0.40954127776199156
train,18,397,0.6303440730097684
train,18,398,0.4793323315688489
train,18,399,0.46157057681462865
train,18,400,0.394936111920957
train,18,401,0.5063969053288094
train,18,402,0.4706343717588611
train,18,403,0.3289270112557826
train,18,404,0.3081069974242247
train,18,405,0.5244866726469417
train,18,406,0.5492922704835477
train,18,407,0.4591008579896815
train,18,408,0.37667869322173064
train,18,409,0.35916308882939796
train,18,410,0.47348217333219655
train,18,411,0.554918827646816
train,18,412,0.3957718031529469
train,18,413,0.6209494020450638
train,18,414,0.422485433787642
train,18,415,0.40305468943689043
train,18,416,0.3738235122084972
train,18,417,0.5286976673057672
train,18,418,0.32336872899411406
train,18,419,0.4983177137834187
train,18,420,0.586472731976819
train,18,421,0.4301412462836416
train,18,422,0.3758272515315003
train,18,423,0.41721465378293116
train,18,424,0.5350732317730382
train,18,425,0.5108121254809568
train,18,426,0.5277301804588408
train,18,427,0.5130060283975414
train,18,428,0.3120638965390181
train,18,429,0.49227560965832484
train,18,430,0.276272928672742
train,18,431,0.4748342984879803
train,18,432,0.33075519585811836
train,18,433,0.5308847922663091
train,18,434,0.37136905674706416
train,18,435,0.4557358102165242
train,18,436,0.4737306213275337
train,18,437,0.32296246110210114
train,18,438,0.4170089444318983
train,18,439,0.3845808235914289
train,18,440,0.284121645670809
train,18,441,0.42830579477145836
train,18,442,0.292608920904927
train,18,443,0.35584006456508854
train,18,444,0.657831616192823
train,18,445,0.3415882655676642
train,18,446,0.2734027790466738
train,18,447,0.511367664362334
train,18,448,0.339117791169675
train,18,449,0.44628254505111287
train,18,450,0.36289370822314876
train,18,451,0.39394840051747426
train,18,452,0.3202226544027218
train,18,453,0.3958518996872922
train,18,454,0.5248631229364861
train,18,455,0.43807551092004315
train,18,456,0.46927637329727445
train,18,457,0.6371894077988736
train,18,458,0.3812109903633577
train,18,459,0.3742146173049742
train,18,460,0.3568672902488069
train,18,461,0.27896614288888316
train,18,462,0.30582476503617834
train,18,463,0.439193832107287
train,18,464,0.3802957690217204
train,18,465,0.28327017120627734
train,18,466,0.3245195100602554
train,18,467,0.4534195179106185
train,18,468,0.29810731062824614
train,18,469,0.3685862377208282
train,18,470,0.35404768379290086
train,18,471,0.37641203500752385
train,18,472,0.41438545275319627
train,18,473,0.44638104814030144
train,18,474,0.3798284990894995
train,18,475,0.43662272251082707
train,18,476,0.37843833373468805
train,18,477,0.4115608648581256
train,18,478,0.4338042059035168
train,18,479,0.35597634665962047
train,18,480,0.377647534110972
train,19,1,0.43103196731164617
train,19,2,0.472107362837201
train,19,3,0.22886264757189567
train,19,4,0.36424241953744896
train,19,5,0.3949292050989218
train,19,6,0.3440341990903609
train,19,7,0.2919417985659408
train,19,8,0.3143855035314883
train,19,9,0.4191321611330927
train,19,10,0.2880090545632602
train,19,11,0.561756473934008
train,19,12,0.29609653139187375
train,19,13,0.44410800087266633
train,19,14,0.5474771439897876
train,19,15,0.6139115226724483
train,19,16,0.3982429987091444
train,19,17,0.5164606536071122
train,19,18,0.47472647108246235
train,19,19,0.3719973441214485
train,19,20,0.4427161329142909
train,19,21,0.3817152355655492
train,19,22,0.24826799583189432
train,19,23,0.2815612512294203
train,19,24,0.2571882040203773
train,19,25,0.2762346261940543
train,19,26,0.46925038258318846
train,19,27,0.3467528536322596
train,19,28,0.5100242283345124
train,19,29,0.49030691302879653
train,19,30,0.2915207493844287
train,19,31,0.5273175635361844
train,19,32,0.3681611936892175
train,19,33,0.2792205574041562
train,19,34,0.3735040042430616
train,19,35,0.39328090162147217
train,19,36,0.44336983179847994
train,19,37,0.33160518388384863
train,19,38,0.4363197409431749
train,19,39,0.3967317462277373
train,19,40,0.5858830059983888
train,19,41,0.3098324086423564
train,19,42,0.3920238354901153
train,19,43,0.6781002286176496
train,19,44,0.4267176439018554
train,19,45,0.356150671295281
train,19,46,0.48036930728475563
train,19,47,0.27225479303940997
train,19,48,0.42828753648648243
train,19,49,0.3191394081407091
train,19,50,0.4332810520118597
train,19,51,0.2687783748742047
train,19,52,0.44451802549968045
train,19,53,0.37488675591176485
train,19,54,0.46511550762029524
train,19,55,0.3825318397499153
train,19,56,0.4096324204998064
train,19,57,0.5192975084269501
train,19,58,0.3274961793243062
train,19,59,0.3677498525382332
train,19,60,0.40643226493259976
train,19,61,0.37306614851176406
train,19,62,0.19719613650694365
train,19,63,0.27725152184561186
train,19,64,0.312915368635477
train,19,65,0.44369739447972667
train,19,66,0.34692542196616977
train,19,67,0.28488766066999016
train,19,68,0.2718416315418004
train,19,69,0.35161516965262213
train,19,70,0.3220252794836967
train,19,71,0.483213890327293
train,19,72,0.30184640073329727
train,19,73,0.30340700433838075
train,19,74,0.5152722773763894
train,19,75,0.31904507192007453
train,19,76,0.4808720400541541
train,19,77,0.3635406528334581
train,19,78,0.23876654569654107
train,19,79,0.4504654879985513
train,19,80,0.36487780751797044
train,19,81,0.2909574293238929
train,19,82,0.49367453315578935
train,19,83,0.39848065312177683
train,19,84,0.2588574189797089
train,19,85,0.43112460097811056
train,19,86,0.3313911952965047
train,19,87,0.45661649549380534
train,19,88,0.30367679092006916
train,19,89,0.3217311718158171
train,19,90,0.42917956799316886
train,19,91,0.2846901701752036
train,19,92,0.5291196409769148
train,19,93,0.3401430637134577
train,19,94,0.4557874224131278
train,19,95,0.4333455088620285
train,19,96,0.3407987207053511
train,19,97,0.4563424382613771
train,19,98,0.41749372571877486
train,19,99,0.494468526726859
train,19,100,0.406736755542475
train,19,101,0.2137126506732791
train,19,102,0.28677309421069636
train,19,103,0.23688052670004728
train,19,104,0.37061015384104434
train,19,105,0.37028236253962976
train,19,106,0.24947249252428394
train,19,107,0.28876201596945983
train,19,108,0.4186598662241375
train,19,109,0.260714864450727
train,19,110,0.7389413035526253
train,19,111,0.45636561061356096
train,19,112,0.2675423084544194
train,19,113,0.35191415635063794
train,19,114,0.2698605915498671
train,19,115,0.48061810346989364
train,19,116,0.3441637176106454
train,19,117,0.42880999948175097
train,19,118,0.4337766032675604
train,19,119,0.3307066765035183
train,19,120,0.4157869633089425
train,19,121,0.3317881714775316
train,19,122,0.3962562604760346
train,19,123,0.3133643276797218
train,19,124,0.4832359109638402
train,19,125,0.39001057670394407
train,19,126,0.8766572668777893
train,19,127,0.45708283392949856
train,19,128,0.2759064764619278
train,19,129,0.5671565607738756
train,19,130,0.2918652441495577
train,19,131,0.23745577113896596
train,19,132,0.27460159219425173
train,19,133,0.3107435718682911
train,19,134,0.539979693563654
train,19,135,0.319656055767526
train,19,136,0.4355831236115779
train,19,137,0.22682533104560865
train,19,138,0.36555667762009714
train,19,139,0.40225214528780495
train,19,140,0.34721498144254814
train,19,141,0.4194361108481402
train,19,142,0.49077356254956206
train,19,143,0.4766341768650924
train,19,144,0.504652893870708
train,19,145,0.3733697709008505
train,19,146,0.31420886371242696
train,19,147,0.39974627243093275
train,19,148,0.3346487792885685
train,19,149,0.4492574529647092
train,19,150,0.5125682584267465
train,19,151,0.4574439113675856
train,19,152,0.4372508724766879
train,19,153,0.30924256241408393
train,19,154,0.36765529671758446
train,19,155,0.3587318328925838
train,19,156,0.41251572288166527
train,19,157,0.5097950177264575
train,19,158,0.42682736842108193
train,19,159,0.5004875450313416
train,19,160,0.4007651744685279
train,19,161,0.4705276367125074
train,19,162,0.7978276696767481
train,19,163,0.39250554138876337
train,19,164,0.3362968960363495
train,19,165,0.45342694605190914
train,19,166,0.34644820606626303
train,19,167,0.3130574911854135
train,19,168,0.6153516783148688
train,19,169,0.37632375220692227
train,19,170,0.45980567897354396
train,19,171,0.5223681867042749
train,19,172,0.3529386800147852
train,19,173,0.4103333189006599
train,19,174,0.32299975044770657
train,19,175,0.41450471727284055
train,19,176,0.4892598921315275
train,19,177,0.3893314546606268
train,19,178,0.3460085415022809
train,19,179,0.39124744976957265
train,19,180,0.569880710594904
train,19,181,0.39800193482729596
train,19,182,0.469878392520345
train,19,183,0.38467945527380554
train,19,184,0.381758675445475
train,19,185,0.45762923955688656
train,19,186,0.4497080152798904
train,19,187,0.29112472295516584
train,19,188,0.4951156408502249
train,19,189,0.2715758996000671
train,19,190,0.30453118491777115
train,19,191,0.3038180901278693
train,19,192,0.3869790226545452
train,19,193,0.4546053039857713
train,19,194,0.3281617076531793
train,19,195,0.40302386200908663
train,19,196,0.4830684658802848
train,19,197,0.5037577471694417
train,19,198,0.4139343317176256
train,19,199,0.23262122855205508
train,19,200,0.44588649450259976
train,19,201,0.3713269731076699
train,19,202,0.4446794684769605
train,19,203,0.5971888014429624
train,19,204,0.29707596519018825
train,19,205,0.295634546480643
train,19,206,0.341613417909355
train,19,207,0.388565326847717
train,19,208,0.40991099330004754
train,19,209,0.4296316728067782
train,19,210,0.5833721631853629
train,19,211,0.41766228969808294
train,19,212,0.3401023274691822
train,19,213,0.3794582646289135
train,19,214,0.37168999095477334
train,19,215,0.4161216708457788
train,19,216,0.3218508460867081
train,19,217,0.3682809034389885
train,19,218,0.4456548686671454
train,19,219,0.3330706076864849
train,19,220,0.5429881235630918
train,19,221,0.2922208699509323
train,19,222,0.3189316148047934
train,19,223,0.31997253067478604
train,19,224,0.3574236963484963
train,19,225,0.27413641588280613
train,19,226,0.2258316250765272
train,19,227,0.1965120222841914
train,19,228,0.32217027665227704
train,19,229,0.35192999271639713
train,19,230,0.6575980608109
train,19,231,0.4930338233002124
train,19,232,0.4306148216466841
train,19,233,0.3604612959248352
train,19,234,0.33323287705777727
train,19,235,0.28276247335912874
train,19,236,0.2614426356452037
train,19,237,0.4120789351449512
train,19,238,0.40440002479617804
train,19,239,0.463595529509247
train,19,240,0.3084127887234897
train,19,241,0.3787428837005259
train,19,242,0.4153964015421848
train,19,243,0.4085074205449949
train,19,244,0.32660925158263066
train,19,245,0.3820458420375952
train,19,246,0.41307158288910784
train,19,247,0.46183364677938826
train,19,248,0.3184498169803132
train,19,249,0.2965123046977948
train,19,250,0.5044076902746135
train,19,251,0.3211140738442829
train,19,252,0.56316737834555
train,19,253,0.5187585784025133
train,19,254,0.44360998254533357
train,19,255,0.2732291995767171
train,19,256,0.37029462359553567
train,19,257,0.43986008311447733
train,19,258,0.38403633977091656
train,19,259,0.464194457885181
train,19,260,0.6478991279126126
train,19,261,0.2950647712313441
train,19,262,0.36913159158958964
train,19,263,0.48302063806793055
train,19,264,0.43078433119464227
train,19,265,0.4529645794351368
train,19,266,0.46628940297498167
train,19,267,0.4303379458629649
train,19,268,0.4683269833449746
train,19,269,0.5157162126945418
train,19,270,0.4044105288412758
train,19,271,0.3233568445199993
train,19,272,0.34730065485191924
train,19,273,0.4681166281090626
train,19,274,0.477536896948201
train,19,275,0.3161235779974254
train,19,276,0.38114884112974035
train,19,277,0.43772553753376203
train,19,278,0.3848385538440283
train,19,279,0.44736636884344805
train,19,280,0.444042619311112
train,19,281,0.40620897429293645
train,19,282,0.3677017716049167
train,19,283,0.4494675031305743
train,19,284,0.3249735394107143
train,19,285,0.5042837744836033
train,19,286,0.3041714914016112
train,19,287,0.35503134233316685
train,19,288,0.2794170760947249
train,19,289,0.25427244392647774
train,19,290,0.30800105794302035
train,19,291,0.47845696397919263
train,19,292,0.49730977920364505
train,19,293,0.3546106351704802
train,19,294,0.3529914535678634
train,19,295,0.46960357401910946
train,19,296,0.35576099807215134
train,19,297,0.3308884341642716
train,19,298,0.24325646422706876
train,19,299,0.5485678909543833
train,19,300,0.4178621143679345
train,19,301,0.476996595123874
train,19,302,0.41408864634707765
train,19,303,0.42295923037496275
train,19,304,0.2596994175143617
train,19,305,0.18954704703393543
train,19,306,0.42194931562352234
train,19,307,0.4011630973364883
train,19,308,0.3598719172996442
train,19,309,0.4464055729485181
train,19,310,0.34284777921889986
train,19,311,0.47525902939772874
train,19,312,0.21742682359909266
train,19,313,0.25232194229011107
train,19,314,0.31425612385807605
train,19,315,0.5446364414343066
train,19,316,0.361770637183318
train,19,317,0.4836054936974602
train,19,318,0.2502014057797666
train,19,319,0.32180458865936284
train,19,320,0.411777150249053
train,19,321,0.5230840360610073
train,19,322,0.4715168694464005
train,19,323,0.30053677044985205
train,19,324,0.4049108074416724
train,19,325,0.5486513934176054
train,19,326,0.4103557010939275
train,19,327,0.5416412110066848
train,19,328,0.3590533712601668
train,19,329,0.4487479093837531
train,19,330,0.4693687186493029
train,19,331,0.4356312381602933
train,19,332,0.2957336272164777
train,19,333,0.5147421323769438
train,19,334,0.33120075318619246
train,19,335,0.3725781450404801
train,19,336,0.2888601089954921
train,19,337,0.3024500612949577
train,19,338,0.33882805470776056
train,19,339,0.2687725551682658
train,19,340,0.4974406312534206
train,19,341,0.45149696508016707
train,19,342,0.22631493699444996
train,19,343,0.4442954945086768
train,19,344,0.4792157466537237
train,19,345,0.4552671191404637
train,19,346,0.4545754393341571
train,19,347,0.36628131460727187
train,19,348,0.41161441674105603
train,19,349,0.3414730392502343
train,19,350,0.3900600278638234
train,19,351,0.3942869527888302
train,19,352,0.33580967814800156
train,19,353,0.5523512467248215
train,19,354,0.36999280389242944
train,19,355,0.3377062996970569
train,19,356,0.34840112315778926
train,19,357,0.42186050652159535
train,19,358,0.48741317572386217
train,19,359,0.39779968975215096
train,19,360,0.4038202420298976
train,19,361,0.43129371583414267
train,19,362,0.30098941705803023
train,19,363,0.42472311777745264
train,19,364,0.5092981221782251
train,19,365,0.5368133446481951
train,19,366,0.471695374443022
train,19,367,0.5160337362365564
train,19,368,0.402006058229509
train,19,369,0.36807261546418013
train,19,370,0.3028797883832985
train,19,371,0.4382795265051146
train,19,372,0.357011299247904
train,19,373,0.47227534302168106
train,19,374,0.30102838982358066
train,19,375,0.3640501989307576
train,19,376,0.21727089012585976
train,19,377,0.25965995308293216
train,19,378,0.3852037346589128
train,19,379,0.5844255266020311
train,19,380,0.5478640167165878
train,19,381,0.42581536656595503
train,19,382,0.21830083108018056
train,19,383,0.5592625536719792
train,19,384,0.3439026628029171
train,19,385,0.8100433384316742
train,19,386,0.336712933405812
train,19,387,0.5005973591130228
train,19,388,0.33251371471761915
train,19,389,0.3821745261622406
train,19,390,0.37353286469929026
train,19,391,0.3186173424853258
train,19,392,0.29381452211908965
train,19,393,0.3323331404852011
train,19,394,0.4689254194151309
train,19,395,0.38098544052811806
train,19,396,0.42409290959330076
train,19,397,0.3616129922715654
train,19,398,0.44967938358867243
train,19,399,0.41967794236281014
train,19,400,0.31948206164601145
train,19,401,0.3842641306588246
train,19,402,0.3541588890069401
train,19,403,0.38224223017847986
train,19,404,0.4316388945381909
train,19,405,0.36059664392082474
train,19,406,0.5069780449936359
train,19,407,0.4762109922027
train,19,408,0.3494782448783935
train,19,409,0.5171613268105524
train,19,410,0.35062877140221205
train,19,411,0.4566136686802875
train,19,412,0.2917373196167794
train,19,413,0.4242041837784517
train,19,414,0.3917819812009833
train,19,415,0.33382804414314093
train,19,416,0.4552850709770982
train,19,417,0.31395277625092194
train,19,418,0.5589046271573004
train,19,419,0.3447462468374338
train,19,420,0.6323539149806345
train,19,421,0.35821546562819784
train,19,422,0.3178022601513578
train,19,423,0.4585353943490568
train,19,424,0.3701309160173689
train,19,425,0.3368872458632336
train,19,426,0.32949792277732254
train,19,427,0.42598193587886124
train,19,428,0.48740277005726307
train,19,429,0.19237995056488444
train,19,430,0.47307494948229845
train,19,431,0.5194695245700678
train,19,432,0.3004165760364126
train,19,433,0.5015607253093678
train,19,434,0.5042827447885438
train,19,435,0.3187068465953041
train,19,436,0.32378611278010555
train,19,437,0.42557948677325086
train,19,438,0.36751146046769895
train,19,439,0.3757586542761678
train,19,440,0.41486585128627795
train,19,441,0.3833836122355434
train,19,442,0.243829618112816
train,19,443,0.4037599763996944
train,19,444,0.2724226241090875
train,19,445,0.3951309761948163
train,19,446,0.41997035181904957
train,19,447,0.4260322760116272
train,19,448,0.24711612132095773
train,19,449,0.4405256987641359
train,19,450,0.3828750339371576
train,19,451,0.5011058575237232
train,19,452,0.42627704580709136
train,19,453,0.5352883908892495
train,19,454,0.2838288939737159
train,19,455,0.4775337401474772
train,19,456,0.4986507905487404
train,19,457,0.3235703424228037
train,19,458,0.43201356429643795
train,19,459,0.35915354600603966
train,19,460,0.29770345081565197
train,19,461,0.3428946492338801
train,19,462,0.324543902889704
train,19,463,0.35886507884892893
train,19,464,0.3655590287260118
train,19,465,0.4781878740907492
train,19,466,0.3963716738880413
train,19,467,0.33089848906003083
train,19,468,0.3023232520679502
train,19,469,0.5342260744267935
train,19,470,0.2533282967566035
train,19,471,0.36603916398806124
train,19,472,0.5103841785849886
train,19,473,0.2728729954667561
train,19,474,0.35425752744901323
train,19,475,0.4228948942027239
train,19,476,0.48168220549394813
train,19,477,0.3750427840679844
train,19,478,0.3562734797300178
train,19,479,0.36859723298677677
train,19,480,0.27182729647183923
train,20,1,0.3804571296561813
train,20,2,0.4104200826305639
train,20,3,0.3132203780826566
train,20,4,0.327818611898692
train,20,5,0.33259758818159363
train,20,6,0.4624822769532111
train,20,7,0.49975694122947206
train,20,8,0.2637590149828015
train,20,9,0.24867563892420047
train,20,10,0.35040359352455686
train,20,11,0.44619375868335986
train,20,12,0.35186292178077094
train,20,13,0.25308080607720146
train,20,14,0.3135443482551892
train,20,15,0.24530450848766716
train,20,16,0.4870290707459818
train,20,17,0.3866441180970807
train,20,18,0.3205598642925093
train,20,19,0.38495461227965067
train,20,20,0.46553138306551045
train,20,21,0.5336536267636651
train,20,22,0.44605949447916077
train,20,23,0.36704922498758374
train,20,24,0.36229984883237
train,20,25,0.2154930385767001
train,20,26,0.30835158824752307
train,20,27,0.3591373159730973
train,20,28,0.3419336408518911
train,20,29,0.2570857821177309
train,20,30,0.2764569210253385
train,20,31,0.32478410531596075
train,20,32,0.32383370903937087
train,20,33,0.34721592244957644
train,20,34,0.3616192245430174
train,20,35,0.3545097983984724
train,20,36,0.3900540319180773
train,20,37,0.2419476610010501
train,20,38,0.4269065625830034
train,20,39,0.4284355576214771
train,20,40,0.32894807212001187
train,20,41,0.38566683881836566
train,20,42,0.38282947338086315
train,20,43,0.38721870010328063
train,20,44,0.20701509976930754
train,20,45,0.2999510111646115
train,20,46,0.43077418889382557
train,20,47,0.3398401781519148
train,20,48,0.5036249908450561
train,20,49,0.4208825210257407
train,20,50,0.3581758747204604
train,20,51,0.3742749004245123
train,20,52,0.3642327500305359
train,20,53,0.3989989671420115
train,20,54,0.4709496422953177
train,20,55,0.27939791083362797
train,20,56,0.5276219397708275
train,20,57,0.36662480530815156
train,20,58,0.2835430136460691
train,20,59,0.2662402618953241
train,20,60,0.39123548495297106
train,20,61,0.3291807932498919
train,20,62,0.5548936587754689
train,20,63,0.6133647370555293
train,20,64,0.47933731545808517
train,20,65,0.4611189547775433
train,20,66,0.4404877068625106
train,20,67,0.3189373567130391
train,20,68,0.3221840771253769
train,20,69,0.468306803114642
train,20,70,0.36166394040456745
train,20,71,0.2823788933648938
train,20,72,0.3931067962796616
train,20,73,0.3248270331164066
train,20,74,0.6449260289907397
train,20,75,0.20519212722092384
train,20,76,0.31220133042006804
train,20,77,0.38930772375799405
train,20,78,0.4786964157150581
train,20,79,0.44728303043139805
train,20,80,0.22440313705004342
train,20,81,0.5833244594532329
train,20,82,0.3301159091110066
train,20,83,0.4062746073018971
train,20,84,0.4139942362868111
train,20,85,0.40747116495950186
train,20,86,0.3631346758843569
train,20,87,0.40016160031006776
train,20,88,0.41305946395218773
train,20,89,0.44462864842012906
train,20,90,0.36586162670244116
train,20,91,0.4016931586943925
train,20,92,0.5300715472328559
train,20,93,0.37231308563497256
train,20,94,0.2727534627010476
train,20,95,0.4266358676590695
train,20,96,0.3267242096328241
train,20,97,0.4508849294774844
train,20,98,0.2719410187329196
train,20,99,0.6377450390406662
train,20,100,0.6760960383752369
train,20,101,0.44479812331713553
train,20,102,0.4314245833249331
train,20,103,0.38629191823028475
train,20,104,0.3304098844962747
train,20,105,0.33664726176719023
train,20,106,0.48096059235749633
train,20,107,0.3785604663499173
train,20,108,0.44993459584217166
train,20,109,0.2850457992156119
train,20,110,0.28923024626038707
train,20,111,0.3653518500647725
train,20,112,0.5559522296688089
train,20,113,0.39557361484829506
train,20,114,0.38489906838237964
train,20,115,0.37365118389673324
train,20,116,0.2588200371968513
train,20,117,0.4739095780990009
train,20,118,0.4480551720998043
train,20,119,0.3927750799591251
train,20,120,0.35538184480710483
train,20,121,0.452501856578709
train,20,122,0.5455854154603413
train,20,123,0.3017523790611562
train,20,124,0.4453909423437791
train,20,125,0.4112632076819682
train,20,126,0.3790573572624757
train,20,127,0.4342651995662141
train,20,128,0.36383633499048135
train,20,129,0.27219050602785
train,20,130,0.5001184901100069
train,20,131,0.2746927669304287
train,20,132,0.5953598127194947
train,20,133,0.4660979194188325
train,20,134,0.2800339259832825
train,20,135,0.5085628545904302
train,20,136,0.4277527178600913
train,20,137,0.43253444417073783
train,20,138,0.2992979091226527
train,20,139,0.5588419669198049
train,20,140,0.3019034700347334
train,20,141,0.34443313584283564
train,20,142,0.48357318679650385
train,20,143,0.42111358765958773
train,20,144,0.28946051381295324
train,20,145,0.3362588920865799
train,20,146,0.41520590131929014
train,20,147,0.3883247925685742
train,20,148,0.3330299041310356
train,20,149,0.33307553621769714
train,20,150,0.43521188193839083
train,20,151,0.2972630773559936
train,20,152,0.40771006852170166
train,20,153,0.5056627381134278
train,20,154,0.3534017982915707
train,20,155,0.5936767871455946
train,20,156,0.4135976556898951
train,20,157,0.2518269195153703
train,20,158,0.3194739942604903
train,20,159,0.3867268013816366
train,20,160,0.2768014586493533
train,20,161,0.3211338082005466
train,20,162,0.6536071197079121
train,20,163,0.3985343235771276
train,20,164,0.39905117633773324
train,20,165,0.37077136690591117
train,20,166,0.35086427946801146
train,20,167,0.4286955962817759
train,20,168,0.4481542741358933
train,20,169,0.34770833319541994
train,20,170,0.5125039458488166
train,20,171,0.42136840227098304
train,20,172,0.45292441509014103
train,20,173,0.40661958352597044
train,20,174,0.505015534175518
train,20,175,0.42030642276605223
train,20,176,0.35858266700561464
train,20,177,0.28045780797153125
train,20,178,0.48135493902534154
train,20,179,0.25189154599696306
train,20,180,0.47339564646675547
train,20,181,0.30534701541559167
train,20,182,0.31665431171247904
train,20,183,0.5295419215164278
train,20,184,0.3448280695103061
train,20,185,0.3623949193885359
train,20,186,0.3522251617718465
train,20,187,0.22988526012246063
train,20,188,0.4500066815455584
train,20,189,0.30458311283535944
train,20,190,0.2932139345107677
train,20,191,0.3104233965013199
train,20,192,0.45992305349542095
train,20,193,0.3381734393780056
train,20,194,0.5214760464687948
train,20,195,0.4594767241129187
train,20,196,0.39027358183907745
train,20,197,0.3428201091492351
train,20,198,0.48671429109215586
train,20,199,0.6904153633986263
train,20,200,0.31407207405721294
train,20,201,0.38673611161637056
train,20,202,0.3760773070163724
train,20,203,0.506565594286323
train,20,204,0.3786094570123345
train,20,205,0.5053766600065179
train,20,206,0.50400283031322
train,20,207,0.3590306402913039
train,20,208,0.4151628656072319
train,20,209,0.3758950577320999
train,20,210,0.40336409143980967
train,20,211,0.43903671003227696
train,20,212,0.5084706297591055
train,20,213,0.36725637778465464
train,20,214,0.3384743891749259
train,20,215,0.3125756105845109
train,20,216,0.42757793408693556
train,20,217,0.23809972308758118
train,20,218,0.45907808008541273
train,20,219,0.269780346783815
train,20,220,0.37867053391169964
train,20,221,0.48273634057498216
train,20,222,0.36733943400365815
train,20,223,0.3690474494465692
train,20,224,0.5162563699629437
train,20,225,0.4313539961700253
train,20,226,0.3930994465816128
train,20,227,0.40193003334753225
train,20,228,0.3689626490225566
train,20,229,0.3307964391590892
train,20,230,0.38483070856324375
train,20,231,0.30830228774343454
train,20,232,0.30098755581181735
train,20,233,0.4231805653084659
train,20,234,0.578928426115183
train,20,235,0.5100848968520363
train,20,236,0.4005015467038729
train,20,237,0.4054552931829977
train,20,238,0.4028741681748959
train,20,239,0.3115948975746231
train,20,240,0.44355338390439536
train,20,241,0.25752889005741286
train,20,242,0.35666748465178183
train,20,243,0.44919359014806326
train,20,244,0.3473240836123863
train,20,245,0.24084776911031505
train,20,246,0.3011452333182463
train,20,247,0.35296066491630984
train,20,248,0.347746075207432
train,20,249,0.472302752320865
train,20,250,0.16511210546805682
train,20,251,0.3844582639875699
train,20,252,0.5188454109611889
train,20,253,0.4373866426453165
train,20,254,0.6225606208367727
train,20,255,0.3895664710922493
train,20,256,0.22815220467616448
train,20,257,0.3742897427079193
train,20,258,0.5019885078777131
train,20,259,0.30751887473745865
train,20,260,0.22479833108814873
train,20,261,0.3175981211336341
train,20,262,0.44817568743594227
train,20,263,0.2956423445401206
train,20,264,0.3896669984275104
train,20,265,0.3690389068876296
train,20,266,0.2962813541071776
train,20,267,0.5035462570145333
train,20,268,0.43108345757400357
train,20,269,0.33510078899320517
train,20,270,0.4880025874671059
train,20,271,0.3462879933419592
train,20,272,0.2935402346569468
train,20,273,0.37943995728073
train,20,274,0.4818114251605196
train,20,275,0.2853226546469553
train,20,276,0.4236586487751917
train,20,277,0.4783603871200319
train,20,278,0.3730355374846935
train,20,279,0.39323834356398724
train,20,280,0.33491644421568145
train,20,281,0.3541649292406455
train,20,282,0.20982622401858056
train,20,283,0.1530005433135293
train,20,284,0.29117633504550877
train,20,285,0.2842998868011942
train,20,286,0.3919786938946828
train,20,287,0.27386239120609734
train,20,288,0.4517907773576633
train,20,289,0.44053409331031895
train,20,290,0.3256721683584421
train,20,291,0.5982588964824385
train,20,292,0.42966720149408316
train,20,293,0.27452445048127205
train,20,294,0.2675489712939245
train,20,295,0.3106588362385858
train,20,296,0.5295556604608928
train,20,297,0.411810387482286
train,20,298,0.3581972483348727
train,20,299,0.3472881135807163
train,20,300,0.4766056882739151
train,20,301,0.3159045463577335
train,20,302,0.30680619854238445
train,20,303,0.3932478009308462
train,20,304,0.4240104593557836
train,20,305,0.4074887208277772
train,20,306,0.41358842425330794
train,20,307,0.37862461562377425
train,20,308,0.3390166711811797
train,20,309,0.6241117463974927
train,20,310,0.41861946402723155
train,20,311,0.3243589473255417
train,20,312,0.341367098732087
train,20,313,0.42357570906796915
train,20,314,0.4624655587358124
train,20,315,0.2810977474786104
train,20,316,0.535867633731197
train,20,317,0.3925707509487307
train,20,318,0.38894582985335424
train,20,319,0.44288566077928015
train,20,320,0.3530264769181542
train,20,321,0.38406129502301145
train,20,322,0.47234119568142807
train,20,323,0.4751236372547436
train,20,324,0.38723941063258455
train,20,325,0.3987989508778219
train,20,326,0.3993703819503739
train,20,327,0.48237542127179883
train,20,328,0.37719092669504145
train,20,329,0.5013074949128289
train,20,330,0.3663186151400353
train,20,331,0.3096050899904883
train,20,332,0.38761111346345256
train,20,333,0.4106898196160703
train,20,334,0.5432636539918811
train,20,335,0.31707395305344044
train,20,336,0.3588179765715188
train,20,337,0.4216062584918234
train,20,338,0.30359275357834764
train,20,339,0.3684597932758885
train,20,340,0.4514655148115053
train,20,341,0.5243947509659296
train,20,342,0.3006661459737427
train,20,343,0.3046492336216022
train,20,344,0.522103651069366
train,20,345,0.26131523813737034
train,20,346,0.32277495992901484
train,20,347,0.4035435308188219
train,20,348,0.5331400904978759
train,20,349,0.4353581098271675
train,20,350,0.4254936331376252
train,20,351,0.7204058655834252
train,20,352,0.5090839155725274
train,20,353,0.28416157954643595
train,20,354,0.32173981081507075
train,20,355,0.3061215075997937
train,20,356,0.41954203291074227
train,20,357,0.4402154083324608
train,20,358,0.3840369551083811
train,20,359,0.27004851970465726
train,20,360,0.42995386135650504
train,20,361,0.2844389230170231
train,20,362,0.6710688402147492
train,20,363,0.39791130009280873
train,20,364,0.28188669201698535
train,20,365,0.45283854096257414
train,20,366,0.36053307769628185
train,20,367,0.42488688910122924
train,20,368,0.4357551532887243
train,20,369,0.401680492031972
train,20,370,0.4196295274684427
train,20,371,0.22127102337796448
train,20,372,0.38240483693354105
train,20,373,0.26846314017399636
train,20,374,0.4813756437283545
train,20,375,0.5005969118084534
train,20,376,0.3540554938374104
train,20,377,0.32967969181215784
train,20,378,0.28917635033966693
train,20,379,0.45556733532201127
train,20,380,0.4552892724806962
train,20,381,0.5203220121983976
train,20,382,0.5235933896658516
train,20,383,0.40484335284216627
train,20,384,0.42848649538931816
train,20,385,0.3860382383850334
train,20,386,0.34049856397880285
train,20,387,0.36651481762795013
train,20,388,0.31766578214928143
train,20,389,0.3577176283558306
train,20,390,0.33014699546417964
train,20,391,0.36701063323514943
train,20,392,0.497741224296618
train,20,393,0.3194702853999502
train,20,394,0.32736794201033703
train,20,395,0.31444638966000205
train,20,396,0.34918261168308795
train,20,397,0.6214936284356459
train,20,398,0.3865473645765624
train,20,399,0.25110540644287194
train,20,400,0.4712365741490178
train,20,401,0.30371809097478064
train,20,402,0.51423520096641
train,20,403,0.3168230861536452
train,20,404,0.3491516113457654
train,20,405,0.38745873550986043
train,20,406,0.320843000069912
train,20,407,0.35030998061254326
train,20,408,0.4826264182271065
train,20,409,0.4148307688053592
train,20,410,0.48468514802007334
train,20,411,0.4138196858533722
train,20,412,0.4734825317955407
train,20,413,0.29174373281394533
train,20,414,0.4262720996033079
train,20,415,0.47773519370276896
train,20,416,0.3245160829446584
train,20,417,0.46366716530277025
train,20,418,0.3050541408636407
train,20,419,0.26807083133332654
train,20,420,0.4009774899915518
train,20,421,0.406693437366051
train,20,422,0.3430146129902054
train,20,423,0.41119557906555815
train,20,424,0.2366192492693907
train,20,425,0.4304213454447673
train,20,426,0.5803388183628392
train,20,427,0.43299273518638387
train,20,428,0.4317870471429655
train,20,429,0.5099592401373881
train,20,430,0.3163887631776001
train,20,431,0.33612251322691433
train,20,432,0.460848350120845
train,20,433,0.4907914996466912
train,20,434,0.4652845908850301
train,20,435,0.33967139558202225
train,20,436,0.48027697289991733
train,20,437,0.3482162719016499
train,20,438,0.3178131955451819
train,20,439,0.44937978455245386
train,20,440,0.36753283128899655
train,20,441,0.5646826820904185
train,20,442,0.44249883595390305
train,20,443,0.3337864254828344
train,20,444,0.23612906545475906
train,20,445,0.3014895307347403
train,20,446,0.22843454365223925
train,20,447,0.304725452147113
train,20,448,0.45368795811259643
train,20,449,0.5876680059262226
train,20,450,0.48200552528011753
train,20,451,0.5352569628565664
train,20,452,0.5986764300157983
train,20,453,0.28718163690493276
train,20,454,0.38598262338894973
train,20,455,0.48614711031345353
train,20,456,0.3388675505461183
train,20,457,0.34337109838180596
train,20,458,0.3568508505116966
train,20,459,0.36724037958541533
train,20,460,0.5281135804384889
train,20,461,0.3840717539098414
train,20,462,0.3807126493005523
train,20,463,0.3991977671241023
train,20,464,0.4286363148095562
train,20,465,0.4052087498368513
train,20,466,0.40336846499929446
train,20,467,0.3765349726241599
train,20,468,0.2920333926152864
train,20,469,0.5414696512149997
train,20,470,0.28154107507989445
train,20,471,0.39003657358271077
train,20,472,0.3111528533966116
train,20,473,0.4013495359325649
train,20,474,0.43685431912152106
train,20,475,0.5483632791955566
train,20,476,0.6366622259000903
train,20,477,0.41799031521876295
train,20,478,0.5894935194611646
train,20,479,0.3982229516223459
train,20,480,0.48564831597561053
